<html>
<head><meta charset="utf-8" /></head>
<body>
    <div>                        <script type="text/javascript">window.PlotlyConfig = {MathJaxConfig: 'local'};</script>
        <script charset="utf-8" src="https://cdn.plot.ly/plotly-2.8.3.min.js"></script>                <div id="3a7911e2-cffd-49ab-993b-e9ed06e4d2d5" class="plotly-graph-div" style="height:100%; width:100%;"></div>            <script type="text/javascript">                                    window.PLOTLYENV=window.PLOTLYENV || {};                                    if (document.getElementById("3a7911e2-cffd-49ab-993b-e9ed06e4d2d5")) {                    Plotly.newPlot(                        "3a7911e2-cffd-49ab-993b-e9ed06e4d2d5",                        [{"cells":{"align":"center","fill":{"color":[["lavender","lavender","lavender","lavender","lavender","lavender","lavender","lavender","lavender","lavender","lavender","lavender","lavender"],["lavender","lavender","lavender","lavender","lavender","lavender","lavender","lavender","lavender","lavender","lavender","lavender","lavender"],["lavender","rgb(250,180,174)","rgb(250,180,174)","rgb(250,180,174)","rgb(250,180,174)","rgb(250,180,174)","rgb(250,180,174)","rgb(179,205,227)","rgb(179,205,227)","rgb(179,205,227)","rgb(179,205,227)","rgb(250,180,174)","rgb(250,180,174)"],["lavender","rgb(179,205,227)","rgb(179,205,227)","rgb(179,205,227)","rgb(179,205,227)","rgb(179,205,227)","rgb(250,180,174)","rgb(179,205,227)","rgb(179,205,227)","rgb(250,180,174)","rgb(250,180,174)","rgb(250,180,174)","rgb(250,180,174)"],["lavender","rgb(179,205,227)","rgb(250,180,174)","rgb(179,205,227)","rgb(179,205,227)","rgb(250,180,174)","rgb(250,180,174)","rgb(179,205,227)","rgb(179,205,227)","rgb(250,180,174)","rgb(250,180,174)","rgb(250,180,174)","rgb(250,180,174)"],["lavender","rgb(179,205,227)","rgb(179,205,227)","rgb(179,205,227)","rgb(179,205,227)","rgb(179,205,227)","rgb(179,205,227)","rgb(179,205,227)","rgb(250,180,174)","rgb(179,205,227)","rgb(179,205,227)","rgb(250,180,174)","rgb(250,180,174)"],["lavender","rgb(250,180,174)","rgb(179,205,227)","rgb(250,180,174)","rgb(250,180,174)","rgb(179,205,227)","rgb(250,180,174)","rgb(179,205,227)","rgb(179,205,227)","rgb(179,205,227)","rgb(179,205,227)","rgb(179,205,227)","rgb(179,205,227)"],["lavender","rgb(250,180,174)","rgb(250,180,174)","rgb(250,180,174)","rgb(250,180,174)","rgb(250,180,174)","rgb(250,180,174)","rgb(179,205,227)","rgb(179,205,227)","rgb(179,205,227)","rgb(179,205,227)","rgb(179,205,227)","rgb(179,205,227)"],["lavender","rgb(250,180,174)","rgb(250,180,174)","rgb(250,180,174)","rgb(250,180,174)","rgb(250,180,174)","rgb(250,180,174)","rgb(179,205,227)","rgb(179,205,227)","rgb(179,205,227)","rgb(179,205,227)","rgb(179,205,227)","rgb(179,205,227)"],["lavender","rgb(250,180,174)","rgb(250,180,174)","rgb(250,180,174)","rgb(250,180,174)","rgb(250,180,174)","rgb(250,180,174)","rgb(179,205,227)","rgb(179,205,227)","rgb(179,205,227)","rgb(179,205,227)","rgb(179,205,227)","rgb(179,205,227)"],["lavender","rgb(250,180,174)","rgb(250,180,174)","rgb(250,180,174)","rgb(250,180,174)","rgb(250,180,174)","rgb(250,180,174)","rgb(179,205,227)","rgb(179,205,227)","rgb(179,205,227)","rgb(179,205,227)","rgb(179,205,227)","rgb(179,205,227)"],["lavender","rgb(250,180,174)","rgb(250,180,174)","rgb(250,180,174)","rgb(250,180,174)","rgb(250,180,174)","rgb(250,180,174)","rgb(179,205,227)","rgb(179,205,227)","rgb(179,205,227)","rgb(179,205,227)","rgb(179,205,227)","rgb(179,205,227)"],["lavender","rgb(179,205,227)","rgb(179,205,227)","rgb(179,205,227)","rgb(179,205,227)","rgb(179,205,227)","rgb(179,205,227)","rgb(179,205,227)","rgb(179,205,227)","rgb(179,205,227)","rgb(179,205,227)","rgb(179,205,227)","rgb(179,205,227)"],["lavender","rgb(250,180,174)","rgb(250,180,174)","rgb(250,180,174)","rgb(250,180,174)","rgb(250,180,174)","rgb(250,180,174)","rgb(179,205,227)","rgb(179,205,227)","rgb(179,205,227)","rgb(179,205,227)","rgb(179,205,227)","rgb(179,205,227)"],["lavender","rgb(179,205,227)","rgb(179,205,227)","rgb(179,205,227)","rgb(179,205,227)","rgb(179,205,227)","rgb(179,205,227)","rgb(179,205,227)","rgb(179,205,227)","rgb(179,205,227)","rgb(179,205,227)","rgb(179,205,227)","rgb(179,205,227)"]]},"values":[["BQ.1","KP.3.1","JN.1","HK.3","EG.5","BA.2.86","XBB.1.5","BQ.1","BA.5","BA.2","BA.1","B.1.617.2","B.1.1.7"],["","","","","","","","","","","","",""],["-0.48","-0.45","-0.42","-0.45","-0.45","-0.42","-0.45","-0.48","-0.51","-0.51","-0.61","-0.02","1.07"],["-0.11","-0.19","-0.13","-0.15","-0.16","-0.13","-0.08","-0.11","-0.13","-0.08","0.0","-0.04","0.0"],["-0.04","-0.11","-0.02","-0.13","-0.1","-0.02","-0.01","-0.04","-0.05","0.0","-0.02","-0.02","0.0"],["0.02","-0.05","-0.01","-0.08","-0.04","0.01","0.01","0.02","0.02","-0.01","-0.01","0.04","0.25"],["0.83","0.85","0.78","0.93","0.9","0.71","0.87","0.83","0.79","0.66","0.77","0.13","0.01"],["1.34","2.03","1.89","1.75","1.66","1.7","1.57","1.34","1.2","0.98","0.94","0.2","0.05"],["2.14","3.1","2.93","2.75","2.62","2.6","2.51","2.14","1.77","1.31","1.25","0.28","0.09"],["1.39","2.11","1.97","1.63","1.56","1.54","1.55","1.39","1.2","0.96","0.9","","0.16"],["1.74","2.77","2.51","2.24","2.05","2.28","1.85","1.74","1.73","1.42","1.43","0.39","0.01"],["0.78","0.96","0.95","1.39","1.39","0.95","1.39","0.78","0.42","0.26","0.4","0.17",""],["0.23","0.23","0.23","0.23","0.23","0.23","0.23","0.23","0.23","0.23","0.02","",""],["0.63","0.79","0.77","0.73","0.73","0.75","0.7","0.63","0.54","0.36","0.4","0.14","0.02"],["","","","","","","","","","","","",""]]},"header":{"align":"center","fill":{"color":"paleturquoise"},"values":["Sample ID","Pango-Lineage","Bloom ACE2 (Wuhan)","Bloom ACE2 (BA.1)","Bloom ACE2 (BA.2)","Vibrational Difference Score","Serum Escape","mAb Escape","Class Masked mAb Escape","mAb Escape Class 1","mAb Escape Class 2","mAb Escape Class 3","mAb Escape Class 4","BEC Escape Factor","Quality Warnings"]},"type":"table"}],                        {"template":{"data":{"histogram2dcontour":[{"type":"histogram2dcontour","colorbar":{"outlinewidth":0,"ticks":""},"colorscale":[[0.0,"#0d0887"],[0.1111111111111111,"#46039f"],[0.2222222222222222,"#7201a8"],[0.3333333333333333,"#9c179e"],[0.4444444444444444,"#bd3786"],[0.5555555555555556,"#d8576b"],[0.6666666666666666,"#ed7953"],[0.7777777777777778,"#fb9f3a"],[0.8888888888888888,"#fdca26"],[1.0,"#f0f921"]]}],"choropleth":[{"type":"choropleth","colorbar":{"outlinewidth":0,"ticks":""}}],"histogram2d":[{"type":"histogram2d","colorbar":{"outlinewidth":0,"ticks":""},"colorscale":[[0.0,"#0d0887"],[0.1111111111111111,"#46039f"],[0.2222222222222222,"#7201a8"],[0.3333333333333333,"#9c179e"],[0.4444444444444444,"#bd3786"],[0.5555555555555556,"#d8576b"],[0.6666666666666666,"#ed7953"],[0.7777777777777778,"#fb9f3a"],[0.8888888888888888,"#fdca26"],[1.0,"#f0f921"]]}],"heatmap":[{"type":"heatmap","colorbar":{"outlinewidth":0,"ticks":""},"colorscale":[[0.0,"#0d0887"],[0.1111111111111111,"#46039f"],[0.2222222222222222,"#7201a8"],[0.3333333333333333,"#9c179e"],[0.4444444444444444,"#bd3786"],[0.5555555555555556,"#d8576b"],[0.6666666666666666,"#ed7953"],[0.7777777777777778,"#fb9f3a"],[0.8888888888888888,"#fdca26"],[1.0,"#f0f921"]]}],"heatmapgl":[{"type":"heatmapgl","colorbar":{"outlinewidth":0,"ticks":""},"colorscale":[[0.0,"#0d0887"],[0.1111111111111111,"#46039f"],[0.2222222222222222,"#7201a8"],[0.3333333333333333,"#9c179e"],[0.4444444444444444,"#bd3786"],[0.5555555555555556,"#d8576b"],[0.6666666666666666,"#ed7953"],[0.7777777777777778,"#fb9f3a"],[0.8888888888888888,"#fdca26"],[1.0,"#f0f921"]]}],"contourcarpet":[{"type":"contourcarpet","colorbar":{"outlinewidth":0,"ticks":""}}],"contour":[{"type":"contour","colorbar":{"outlinewidth":0,"ticks":""},"colorscale":[[0.0,"#0d0887"],[0.1111111111111111,"#46039f"],[0.2222222222222222,"#7201a8"],[0.3333333333333333,"#9c179e"],[0.4444444444444444,"#bd3786"],[0.5555555555555556,"#d8576b"],[0.6666666666666666,"#ed7953"],[0.7777777777777778,"#fb9f3a"],[0.8888888888888888,"#fdca26"],[1.0,"#f0f921"]]}],"surface":[{"type":"surface","colorbar":{"outlinewidth":0,"ticks":""},"colorscale":[[0.0,"#0d0887"],[0.1111111111111111,"#46039f"],[0.2222222222222222,"#7201a8"],[0.3333333333333333,"#9c179e"],[0.4444444444444444,"#bd3786"],[0.5555555555555556,"#d8576b"],[0.6666666666666666,"#ed7953"],[0.7777777777777778,"#fb9f3a"],[0.8888888888888888,"#fdca26"],[1.0,"#f0f921"]]}],"mesh3d":[{"type":"mesh3d","colorbar":{"outlinewidth":0,"ticks":""}}],"scatter":[{"fillpattern":{"fillmode":"overlay","size":10,"solidity":0.2},"type":"scatter"}],"parcoords":[{"type":"parcoords","line":{"colorbar":{"outlinewidth":0,"ticks":""}}}],"scatterpolargl":[{"type":"scatterpolargl","marker":{"colorbar":{"outlinewidth":0,"ticks":""}}}],"bar":[{"error_x":{"color":"#2a3f5f"},"error_y":{"color":"#2a3f5f"},"marker":{"line":{"color":"#E5ECF6","width":0.5},"pattern":{"fillmode":"overlay","size":10,"solidity":0.2}},"type":"bar"}],"scattergeo":[{"type":"scattergeo","marker":{"colorbar":{"outlinewidth":0,"ticks":""}}}],"scatterpolar":[{"type":"scatterpolar","marker":{"colorbar":{"outlinewidth":0,"ticks":""}}}],"histogram":[{"marker":{"pattern":{"fillmode":"overlay","size":10,"solidity":0.2}},"type":"histogram"}],"scattergl":[{"type":"scattergl","marker":{"colorbar":{"outlinewidth":0,"ticks":""}}}],"scatter3d":[{"type":"scatter3d","line":{"colorbar":{"outlinewidth":0,"ticks":""}},"marker":{"colorbar":{"outlinewidth":0,"ticks":""}}}],"scattermapbox":[{"type":"scattermapbox","marker":{"colorbar":{"outlinewidth":0,"ticks":""}}}],"scatterternary":[{"type":"scatterternary","marker":{"colorbar":{"outlinewidth":0,"ticks":""}}}],"scattercarpet":[{"type":"scattercarpet","marker":{"colorbar":{"outlinewidth":0,"ticks":""}}}],"carpet":[{"aaxis":{"endlinecolor":"#2a3f5f","gridcolor":"white","linecolor":"white","minorgridcolor":"white","startlinecolor":"#2a3f5f"},"baxis":{"endlinecolor":"#2a3f5f","gridcolor":"white","linecolor":"white","minorgridcolor":"white","startlinecolor":"#2a3f5f"},"type":"carpet"}],"table":[{"cells":{"fill":{"color":"#EBF0F8"},"line":{"color":"white"}},"header":{"fill":{"color":"#C8D4E3"},"line":{"color":"white"}},"type":"table"}],"barpolar":[{"marker":{"line":{"color":"#E5ECF6","width":0.5},"pattern":{"fillmode":"overlay","size":10,"solidity":0.2}},"type":"barpolar"}],"pie":[{"automargin":true,"type":"pie"}]},"layout":{"autotypenumbers":"strict","colorway":["#636efa","#EF553B","#00cc96","#ab63fa","#FFA15A","#19d3f3","#FF6692","#B6E880","#FF97FF","#FECB52"],"font":{"color":"#2a3f5f"},"hovermode":"closest","hoverlabel":{"align":"left"},"paper_bgcolor":"white","plot_bgcolor":"#E5ECF6","polar":{"bgcolor":"#E5ECF6","angularaxis":{"gridcolor":"white","linecolor":"white","ticks":""},"radialaxis":{"gridcolor":"white","linecolor":"white","ticks":""}},"ternary":{"bgcolor":"#E5ECF6","aaxis":{"gridcolor":"white","linecolor":"white","ticks":""},"baxis":{"gridcolor":"white","linecolor":"white","ticks":""},"caxis":{"gridcolor":"white","linecolor":"white","ticks":""}},"coloraxis":{"colorbar":{"outlinewidth":0,"ticks":""}},"colorscale":{"sequential":[[0.0,"#0d0887"],[0.1111111111111111,"#46039f"],[0.2222222222222222,"#7201a8"],[0.3333333333333333,"#9c179e"],[0.4444444444444444,"#bd3786"],[0.5555555555555556,"#d8576b"],[0.6666666666666666,"#ed7953"],[0.7777777777777778,"#fb9f3a"],[0.8888888888888888,"#fdca26"],[1.0,"#f0f921"]],"sequentialminus":[[0.0,"#0d0887"],[0.1111111111111111,"#46039f"],[0.2222222222222222,"#7201a8"],[0.3333333333333333,"#9c179e"],[0.4444444444444444,"#bd3786"],[0.5555555555555556,"#d8576b"],[0.6666666666666666,"#ed7953"],[0.7777777777777778,"#fb9f3a"],[0.8888888888888888,"#fdca26"],[1.0,"#f0f921"]],"diverging":[[0,"#8e0152"],[0.1,"#c51b7d"],[0.2,"#de77ae"],[0.3,"#f1b6da"],[0.4,"#fde0ef"],[0.5,"#f7f7f7"],[0.6,"#e6f5d0"],[0.7,"#b8e186"],[0.8,"#7fbc41"],[0.9,"#4d9221"],[1,"#276419"]]},"xaxis":{"gridcolor":"white","linecolor":"white","ticks":"","title":{"standoff":15},"zerolinecolor":"white","automargin":true,"zerolinewidth":2},"yaxis":{"gridcolor":"white","linecolor":"white","ticks":"","title":{"standoff":15},"zerolinecolor":"white","automargin":true,"zerolinewidth":2},"scene":{"xaxis":{"backgroundcolor":"#E5ECF6","gridcolor":"white","linecolor":"white","showbackground":true,"ticks":"","zerolinecolor":"white","gridwidth":2},"yaxis":{"backgroundcolor":"#E5ECF6","gridcolor":"white","linecolor":"white","showbackground":true,"ticks":"","zerolinecolor":"white","gridwidth":2},"zaxis":{"backgroundcolor":"#E5ECF6","gridcolor":"white","linecolor":"white","showbackground":true,"ticks":"","zerolinecolor":"white","gridwidth":2}},"shapedefaults":{"line":{"color":"#2a3f5f"}},"annotationdefaults":{"arrowcolor":"#2a3f5f","arrowhead":0,"arrowwidth":1},"geo":{"bgcolor":"white","landcolor":"#E5ECF6","subunitcolor":"white","showland":true,"showlakes":true,"lakecolor":"white"},"title":{"x":0.05},"mapbox":{"style":"light"}}},"updatemenus":[{"active":8,"bgcolor":"white","buttons":[{"args":[{"cells":{"values":[["BQ.1","B.1.1.7","B.1.617.2","BA.1","BA.2","BA.2.86","BA.5","BQ.1","EG.5","HK.3","JN.1","KP.3.1","XBB.1.5"],["","","","","","","","","","","","",""],["-0.48","1.07","-0.02","-0.61","-0.51","-0.42","-0.51","-0.48","-0.45","-0.45","-0.42","-0.45","-0.45"],["-0.11","0.0","-0.04","0.0","-0.08","-0.13","-0.13","-0.11","-0.16","-0.15","-0.13","-0.19","-0.08"],["-0.04","0.0","-0.02","-0.02","0.0","-0.02","-0.05","-0.04","-0.1","-0.13","-0.02","-0.11","-0.01"],["0.02","0.25","0.04","-0.01","-0.01","0.01","0.02","0.02","-0.04","-0.08","-0.01","-0.05","0.01"],["0.83","0.01","0.13","0.77","0.66","0.71","0.79","0.83","0.9","0.93","0.78","0.85","0.87"],["1.34","0.05","0.2","0.94","0.98","1.7","1.2","1.34","1.66","1.75","1.89","2.03","1.57"],["2.14","0.09","0.28","1.25","1.31","2.6","1.77","2.14","2.62","2.75","2.93","3.1","2.51"],["1.39","0.16","","0.9","0.96","1.54","1.2","1.39","1.56","1.63","1.97","2.11","1.55"],["1.74","0.01","0.39","1.43","1.42","2.28","1.73","1.74","2.05","2.24","2.51","2.77","1.85"],["0.78","","0.17","0.4","0.26","0.95","0.42","0.78","1.39","1.39","0.95","0.96","1.39"],["0.23","","","0.02","0.23","0.23","0.23","0.23","0.23","0.23","0.23","0.23","0.23"],["0.63","0.02","0.14","0.4","0.36","0.75","0.54","0.63","0.73","0.73","0.77","0.79","0.7"],["","","","","","","","","","","","",""]],"fill":{"color":[["lavender","lavender","lavender","lavender","lavender","lavender","lavender","lavender","lavender","lavender","lavender","lavender","lavender"],["lavender","lavender","lavender","lavender","lavender","lavender","lavender","lavender","lavender","lavender","lavender","lavender","lavender"],["lavender","rgb(250,180,174)","rgb(250,180,174)","rgb(179,205,227)","rgb(179,205,227)","rgb(250,180,174)","rgb(179,205,227)","rgb(179,205,227)","rgb(250,180,174)","rgb(250,180,174)","rgb(250,180,174)","rgb(250,180,174)","rgb(250,180,174)"],["lavender","rgb(250,180,174)","rgb(250,180,174)","rgb(250,180,174)","rgb(250,180,174)","rgb(179,205,227)","rgb(179,205,227)","rgb(179,205,227)","rgb(179,205,227)","rgb(179,205,227)","rgb(179,205,227)","rgb(179,205,227)","rgb(250,180,174)"],["lavender","rgb(250,180,174)","rgb(250,180,174)","rgb(250,180,174)","rgb(250,180,174)","rgb(250,180,174)","rgb(179,205,227)","rgb(179,205,227)","rgb(179,205,227)","rgb(179,205,227)","rgb(250,180,174)","rgb(179,205,227)","rgb(250,180,174)"],["lavender","rgb(250,180,174)","rgb(250,180,174)","rgb(179,205,227)","rgb(179,205,227)","rgb(179,205,227)","rgb(250,180,174)","rgb(179,205,227)","rgb(179,205,227)","rgb(179,205,227)","rgb(179,205,227)","rgb(179,205,227)","rgb(179,205,227)"],["lavender","rgb(179,205,227)","rgb(179,205,227)","rgb(179,205,227)","rgb(179,205,227)","rgb(179,205,227)","rgb(179,205,227)","rgb(179,205,227)","rgb(250,180,174)","rgb(250,180,174)","rgb(179,205,227)","rgb(250,180,174)","rgb(250,180,174)"],["lavender","rgb(179,205,227)","rgb(179,205,227)","rgb(179,205,227)","rgb(179,205,227)","rgb(250,180,174)","rgb(179,205,227)","rgb(179,205,227)","rgb(250,180,174)","rgb(250,180,174)","rgb(250,180,174)","rgb(250,180,174)","rgb(250,180,174)"],["lavender","rgb(179,205,227)","rgb(179,205,227)","rgb(179,205,227)","rgb(179,205,227)","rgb(250,180,174)","rgb(179,205,227)","rgb(179,205,227)","rgb(250,180,174)","rgb(250,180,174)","rgb(250,180,174)","rgb(250,180,174)","rgb(250,180,174)"],["lavender","rgb(179,205,227)","rgb(179,205,227)","rgb(179,205,227)","rgb(179,205,227)","rgb(250,180,174)","rgb(179,205,227)","rgb(179,205,227)","rgb(250,180,174)","rgb(250,180,174)","rgb(250,180,174)","rgb(250,180,174)","rgb(250,180,174)"],["lavender","rgb(179,205,227)","rgb(179,205,227)","rgb(179,205,227)","rgb(179,205,227)","rgb(250,180,174)","rgb(179,205,227)","rgb(179,205,227)","rgb(250,180,174)","rgb(250,180,174)","rgb(250,180,174)","rgb(250,180,174)","rgb(250,180,174)"],["lavender","rgb(179,205,227)","rgb(179,205,227)","rgb(179,205,227)","rgb(179,205,227)","rgb(250,180,174)","rgb(179,205,227)","rgb(179,205,227)","rgb(250,180,174)","rgb(250,180,174)","rgb(250,180,174)","rgb(250,180,174)","rgb(250,180,174)"],["lavender","rgb(179,205,227)","rgb(179,205,227)","rgb(179,205,227)","rgb(179,205,227)","rgb(179,205,227)","rgb(179,205,227)","rgb(179,205,227)","rgb(179,205,227)","rgb(179,205,227)","rgb(179,205,227)","rgb(179,205,227)","rgb(179,205,227)"],["lavender","rgb(179,205,227)","rgb(179,205,227)","rgb(179,205,227)","rgb(179,205,227)","rgb(250,180,174)","rgb(179,205,227)","rgb(179,205,227)","rgb(250,180,174)","rgb(250,180,174)","rgb(250,180,174)","rgb(250,180,174)","rgb(250,180,174)"],["lavender","rgb(179,205,227)","rgb(179,205,227)","rgb(179,205,227)","rgb(179,205,227)","rgb(179,205,227)","rgb(179,205,227)","rgb(179,205,227)","rgb(179,205,227)","rgb(179,205,227)","rgb(179,205,227)","rgb(179,205,227)","rgb(179,205,227)"]]}}}],"label":"Sample ID","method":"restyle"},{"args":[{"cells":{"values":[["BQ.1","KP.3.1","JN.1","HK.3","EG.5","BA.2.86","XBB.1.5","BQ.1","BA.5","BA.2","BA.1","B.1.617.2","B.1.1.7"],["","","","","","","","","","","","",""],["-0.48","-0.45","-0.42","-0.45","-0.45","-0.42","-0.45","-0.48","-0.51","-0.51","-0.61","-0.02","1.07"],["-0.11","-0.19","-0.13","-0.15","-0.16","-0.13","-0.08","-0.11","-0.13","-0.08","0.0","-0.04","0.0"],["-0.04","-0.11","-0.02","-0.13","-0.1","-0.02","-0.01","-0.04","-0.05","0.0","-0.02","-0.02","0.0"],["0.02","-0.05","-0.01","-0.08","-0.04","0.01","0.01","0.02","0.02","-0.01","-0.01","0.04","0.25"],["0.83","0.85","0.78","0.93","0.9","0.71","0.87","0.83","0.79","0.66","0.77","0.13","0.01"],["1.34","2.03","1.89","1.75","1.66","1.7","1.57","1.34","1.2","0.98","0.94","0.2","0.05"],["2.14","3.1","2.93","2.75","2.62","2.6","2.51","2.14","1.77","1.31","1.25","0.28","0.09"],["1.39","2.11","1.97","1.63","1.56","1.54","1.55","1.39","1.2","0.96","0.9","","0.16"],["1.74","2.77","2.51","2.24","2.05","2.28","1.85","1.74","1.73","1.42","1.43","0.39","0.01"],["0.78","0.96","0.95","1.39","1.39","0.95","1.39","0.78","0.42","0.26","0.4","0.17",""],["0.23","0.23","0.23","0.23","0.23","0.23","0.23","0.23","0.23","0.23","0.02","",""],["0.63","0.79","0.77","0.73","0.73","0.75","0.7","0.63","0.54","0.36","0.4","0.14","0.02"],["","","","","","","","","","","","",""]],"fill":{"color":[["lavender","lavender","lavender","lavender","lavender","lavender","lavender","lavender","lavender","lavender","lavender","lavender","lavender"],["lavender","lavender","lavender","lavender","lavender","lavender","lavender","lavender","lavender","lavender","lavender","lavender","lavender"],["lavender","rgb(250,180,174)","rgb(250,180,174)","rgb(250,180,174)","rgb(250,180,174)","rgb(250,180,174)","rgb(250,180,174)","rgb(179,205,227)","rgb(179,205,227)","rgb(179,205,227)","rgb(179,205,227)","rgb(250,180,174)","rgb(250,180,174)"],["lavender","rgb(179,205,227)","rgb(179,205,227)","rgb(179,205,227)","rgb(179,205,227)","rgb(179,205,227)","rgb(250,180,174)","rgb(179,205,227)","rgb(179,205,227)","rgb(250,180,174)","rgb(250,180,174)","rgb(250,180,174)","rgb(250,180,174)"],["lavender","rgb(179,205,227)","rgb(250,180,174)","rgb(179,205,227)","rgb(179,205,227)","rgb(250,180,174)","rgb(250,180,174)","rgb(179,205,227)","rgb(179,205,227)","rgb(250,180,174)","rgb(250,180,174)","rgb(250,180,174)","rgb(250,180,174)"],["lavender","rgb(179,205,227)","rgb(179,205,227)","rgb(179,205,227)","rgb(179,205,227)","rgb(179,205,227)","rgb(179,205,227)","rgb(179,205,227)","rgb(250,180,174)","rgb(179,205,227)","rgb(179,205,227)","rgb(250,180,174)","rgb(250,180,174)"],["lavender","rgb(250,180,174)","rgb(179,205,227)","rgb(250,180,174)","rgb(250,180,174)","rgb(179,205,227)","rgb(250,180,174)","rgb(179,205,227)","rgb(179,205,227)","rgb(179,205,227)","rgb(179,205,227)","rgb(179,205,227)","rgb(179,205,227)"],["lavender","rgb(250,180,174)","rgb(250,180,174)","rgb(250,180,174)","rgb(250,180,174)","rgb(250,180,174)","rgb(250,180,174)","rgb(179,205,227)","rgb(179,205,227)","rgb(179,205,227)","rgb(179,205,227)","rgb(179,205,227)","rgb(179,205,227)"],["lavender","rgb(250,180,174)","rgb(250,180,174)","rgb(250,180,174)","rgb(250,180,174)","rgb(250,180,174)","rgb(250,180,174)","rgb(179,205,227)","rgb(179,205,227)","rgb(179,205,227)","rgb(179,205,227)","rgb(179,205,227)","rgb(179,205,227)"],["lavender","rgb(250,180,174)","rgb(250,180,174)","rgb(250,180,174)","rgb(250,180,174)","rgb(250,180,174)","rgb(250,180,174)","rgb(179,205,227)","rgb(179,205,227)","rgb(179,205,227)","rgb(179,205,227)","rgb(179,205,227)","rgb(179,205,227)"],["lavender","rgb(250,180,174)","rgb(250,180,174)","rgb(250,180,174)","rgb(250,180,174)","rgb(250,180,174)","rgb(250,180,174)","rgb(179,205,227)","rgb(179,205,227)","rgb(179,205,227)","rgb(179,205,227)","rgb(179,205,227)","rgb(179,205,227)"],["lavender","rgb(250,180,174)","rgb(250,180,174)","rgb(250,180,174)","rgb(250,180,174)","rgb(250,180,174)","rgb(250,180,174)","rgb(179,205,227)","rgb(179,205,227)","rgb(179,205,227)","rgb(179,205,227)","rgb(179,205,227)","rgb(179,205,227)"],["lavender","rgb(179,205,227)","rgb(179,205,227)","rgb(179,205,227)","rgb(179,205,227)","rgb(179,205,227)","rgb(179,205,227)","rgb(179,205,227)","rgb(179,205,227)","rgb(179,205,227)","rgb(179,205,227)","rgb(179,205,227)","rgb(179,205,227)"],["lavender","rgb(250,180,174)","rgb(250,180,174)","rgb(250,180,174)","rgb(250,180,174)","rgb(250,180,174)","rgb(250,180,174)","rgb(179,205,227)","rgb(179,205,227)","rgb(179,205,227)","rgb(179,205,227)","rgb(179,205,227)","rgb(179,205,227)"],["lavender","rgb(179,205,227)","rgb(179,205,227)","rgb(179,205,227)","rgb(179,205,227)","rgb(179,205,227)","rgb(179,205,227)","rgb(179,205,227)","rgb(179,205,227)","rgb(179,205,227)","rgb(179,205,227)","rgb(179,205,227)","rgb(179,205,227)"]]}}}],"label":"Pango-Lineage","method":"restyle"},{"args":[{"cells":{"values":[["BQ.1","B.1.1.7","BA.1","BA.5","BA.2","BQ.1","KP.3.1","HK.3","EG.5","XBB.1.5","JN.1","BA.2.86","B.1.617.2"],["","","","","","","","","","","","",""],["-0.48","1.07","-0.61","-0.51","-0.51","-0.48","-0.45","-0.45","-0.45","-0.45","-0.42","-0.42","-0.02"],["-0.11","0.0","0.0","-0.13","-0.08","-0.11","-0.19","-0.15","-0.16","-0.08","-0.13","-0.13","-0.04"],["-0.04","0.0","-0.02","-0.05","0.0","-0.04","-0.11","-0.13","-0.1","-0.01","-0.02","-0.02","-0.02"],["0.02","0.25","-0.01","0.02","-0.01","0.02","-0.05","-0.08","-0.04","0.01","-0.01","0.01","0.04"],["0.83","0.01","0.77","0.79","0.66","0.83","0.85","0.93","0.9","0.87","0.78","0.71","0.13"],["1.34","0.05","0.94","1.2","0.98","1.34","2.03","1.75","1.66","1.57","1.89","1.7","0.2"],["2.14","0.09","1.25","1.77","1.31","2.14","3.1","2.75","2.62","2.51","2.93","2.6","0.28"],["1.39","0.16","0.9","1.2","0.96","1.39","2.11","1.63","1.56","1.55","1.97","1.54",""],["1.74","0.01","1.43","1.73","1.42","1.74","2.77","2.24","2.05","1.85","2.51","2.28","0.39"],["0.78","","0.4","0.42","0.26","0.78","0.96","1.39","1.39","1.39","0.95","0.95","0.17"],["0.23","","0.02","0.23","0.23","0.23","0.23","0.23","0.23","0.23","0.23","0.23",""],["0.63","0.02","0.4","0.54","0.36","0.63","0.79","0.73","0.73","0.7","0.77","0.75","0.14"],["","","","","","","","","","","","",""]],"fill":{"color":[["lavender","lavender","lavender","lavender","lavender","lavender","lavender","lavender","lavender","lavender","lavender","lavender","lavender"],["lavender","lavender","lavender","lavender","lavender","lavender","lavender","lavender","lavender","lavender","lavender","lavender","lavender"],["lavender","rgb(250,180,174)","rgb(179,205,227)","rgb(179,205,227)","rgb(179,205,227)","rgb(179,205,227)","rgb(250,180,174)","rgb(250,180,174)","rgb(250,180,174)","rgb(250,180,174)","rgb(250,180,174)","rgb(250,180,174)","rgb(250,180,174)"],["lavender","rgb(250,180,174)","rgb(250,180,174)","rgb(179,205,227)","rgb(250,180,174)","rgb(179,205,227)","rgb(179,205,227)","rgb(179,205,227)","rgb(179,205,227)","rgb(250,180,174)","rgb(179,205,227)","rgb(179,205,227)","rgb(250,180,174)"],["lavender","rgb(250,180,174)","rgb(250,180,174)","rgb(179,205,227)","rgb(250,180,174)","rgb(179,205,227)","rgb(179,205,227)","rgb(179,205,227)","rgb(179,205,227)","rgb(250,180,174)","rgb(250,180,174)","rgb(250,180,174)","rgb(250,180,174)"],["lavender","rgb(250,180,174)","rgb(179,205,227)","rgb(250,180,174)","rgb(179,205,227)","rgb(179,205,227)","rgb(179,205,227)","rgb(179,205,227)","rgb(179,205,227)","rgb(179,205,227)","rgb(179,205,227)","rgb(179,205,227)","rgb(250,180,174)"],["lavender","rgb(179,205,227)","rgb(179,205,227)","rgb(179,205,227)","rgb(179,205,227)","rgb(179,205,227)","rgb(250,180,174)","rgb(250,180,174)","rgb(250,180,174)","rgb(250,180,174)","rgb(179,205,227)","rgb(179,205,227)","rgb(179,205,227)"],["lavender","rgb(179,205,227)","rgb(179,205,227)","rgb(179,205,227)","rgb(179,205,227)","rgb(179,205,227)","rgb(250,180,174)","rgb(250,180,174)","rgb(250,180,174)","rgb(250,180,174)","rgb(250,180,174)","rgb(250,180,174)","rgb(179,205,227)"],["lavender","rgb(179,205,227)","rgb(179,205,227)","rgb(179,205,227)","rgb(179,205,227)","rgb(179,205,227)","rgb(250,180,174)","rgb(250,180,174)","rgb(250,180,174)","rgb(250,180,174)","rgb(250,180,174)","rgb(250,180,174)","rgb(179,205,227)"],["lavender","rgb(179,205,227)","rgb(179,205,227)","rgb(179,205,227)","rgb(179,205,227)","rgb(179,205,227)","rgb(250,180,174)","rgb(250,180,174)","rgb(250,180,174)","rgb(250,180,174)","rgb(250,180,174)","rgb(250,180,174)","rgb(179,205,227)"],["lavender","rgb(179,205,227)","rgb(179,205,227)","rgb(179,205,227)","rgb(179,205,227)","rgb(179,205,227)","rgb(250,180,174)","rgb(250,180,174)","rgb(250,180,174)","rgb(250,180,174)","rgb(250,180,174)","rgb(250,180,174)","rgb(179,205,227)"],["lavender","rgb(179,205,227)","rgb(179,205,227)","rgb(179,205,227)","rgb(179,205,227)","rgb(179,205,227)","rgb(250,180,174)","rgb(250,180,174)","rgb(250,180,174)","rgb(250,180,174)","rgb(250,180,174)","rgb(250,180,174)","rgb(179,205,227)"],["lavender","rgb(179,205,227)","rgb(179,205,227)","rgb(179,205,227)","rgb(179,205,227)","rgb(179,205,227)","rgb(179,205,227)","rgb(179,205,227)","rgb(179,205,227)","rgb(179,205,227)","rgb(179,205,227)","rgb(179,205,227)","rgb(179,205,227)"],["lavender","rgb(179,205,227)","rgb(179,205,227)","rgb(179,205,227)","rgb(179,205,227)","rgb(179,205,227)","rgb(250,180,174)","rgb(250,180,174)","rgb(250,180,174)","rgb(250,180,174)","rgb(250,180,174)","rgb(250,180,174)","rgb(179,205,227)"],["lavender","rgb(179,205,227)","rgb(179,205,227)","rgb(179,205,227)","rgb(179,205,227)","rgb(179,205,227)","rgb(179,205,227)","rgb(179,205,227)","rgb(179,205,227)","rgb(179,205,227)","rgb(179,205,227)","rgb(179,205,227)","rgb(179,205,227)"]]}}}],"label":"Bloom ACE2 (Wuhan)","method":"restyle"},{"args":[{"cells":{"values":[["BQ.1","BA.1","B.1.1.7","KP.3.1","EG.5","HK.3","JN.1","BA.2.86","BA.5","BQ.1","XBB.1.5","BA.2","B.1.617.2"],["","","","","","","","","","","","",""],["-0.48","-0.61","1.07","-0.45","-0.45","-0.45","-0.42","-0.42","-0.51","-0.48","-0.45","-0.51","-0.02"],["-0.11","0.0","0.0","-0.19","-0.16","-0.15","-0.13","-0.13","-0.13","-0.11","-0.08","-0.08","-0.04"],["-0.04","-0.02","0.0","-0.11","-0.1","-0.13","-0.02","-0.02","-0.05","-0.04","-0.01","0.0","-0.02"],["0.02","-0.01","0.25","-0.05","-0.04","-0.08","-0.01","0.01","0.02","0.02","0.01","-0.01","0.04"],["0.83","0.77","0.01","0.85","0.9","0.93","0.78","0.71","0.79","0.83","0.87","0.66","0.13"],["1.34","0.94","0.05","2.03","1.66","1.75","1.89","1.7","1.2","1.34","1.57","0.98","0.2"],["2.14","1.25","0.09","3.1","2.62","2.75","2.93","2.6","1.77","2.14","2.51","1.31","0.28"],["1.39","0.9","0.16","2.11","1.56","1.63","1.97","1.54","1.2","1.39","1.55","0.96",""],["1.74","1.43","0.01","2.77","2.05","2.24","2.51","2.28","1.73","1.74","1.85","1.42","0.39"],["0.78","0.4","","0.96","1.39","1.39","0.95","0.95","0.42","0.78","1.39","0.26","0.17"],["0.23","0.02","","0.23","0.23","0.23","0.23","0.23","0.23","0.23","0.23","0.23",""],["0.63","0.4","0.02","0.79","0.73","0.73","0.77","0.75","0.54","0.63","0.7","0.36","0.14"],["","","","","","","","","","","","",""]],"fill":{"color":[["lavender","lavender","lavender","lavender","lavender","lavender","lavender","lavender","lavender","lavender","lavender","lavender","lavender"],["lavender","lavender","lavender","lavender","lavender","lavender","lavender","lavender","lavender","lavender","lavender","lavender","lavender"],["lavender","rgb(179,205,227)","rgb(250,180,174)","rgb(250,180,174)","rgb(250,180,174)","rgb(250,180,174)","rgb(250,180,174)","rgb(250,180,174)","rgb(179,205,227)","rgb(179,205,227)","rgb(250,180,174)","rgb(179,205,227)","rgb(250,180,174)"],["lavender","rgb(250,180,174)","rgb(250,180,174)","rgb(179,205,227)","rgb(179,205,227)","rgb(179,205,227)","rgb(179,205,227)","rgb(179,205,227)","rgb(179,205,227)","rgb(179,205,227)","rgb(250,180,174)","rgb(250,180,174)","rgb(250,180,174)"],["lavender","rgb(250,180,174)","rgb(250,180,174)","rgb(179,205,227)","rgb(179,205,227)","rgb(179,205,227)","rgb(250,180,174)","rgb(250,180,174)","rgb(179,205,227)","rgb(179,205,227)","rgb(250,180,174)","rgb(250,180,174)","rgb(250,180,174)"],["lavender","rgb(179,205,227)","rgb(250,180,174)","rgb(179,205,227)","rgb(179,205,227)","rgb(179,205,227)","rgb(179,205,227)","rgb(179,205,227)","rgb(250,180,174)","rgb(179,205,227)","rgb(179,205,227)","rgb(179,205,227)","rgb(250,180,174)"],["lavender","rgb(179,205,227)","rgb(179,205,227)","rgb(250,180,174)","rgb(250,180,174)","rgb(250,180,174)","rgb(179,205,227)","rgb(179,205,227)","rgb(179,205,227)","rgb(179,205,227)","rgb(250,180,174)","rgb(179,205,227)","rgb(179,205,227)"],["lavender","rgb(179,205,227)","rgb(179,205,227)","rgb(250,180,174)","rgb(250,180,174)","rgb(250,180,174)","rgb(250,180,174)","rgb(250,180,174)","rgb(179,205,227)","rgb(179,205,227)","rgb(250,180,174)","rgb(179,205,227)","rgb(179,205,227)"],["lavender","rgb(179,205,227)","rgb(179,205,227)","rgb(250,180,174)","rgb(250,180,174)","rgb(250,180,174)","rgb(250,180,174)","rgb(250,180,174)","rgb(179,205,227)","rgb(179,205,227)","rgb(250,180,174)","rgb(179,205,227)","rgb(179,205,227)"],["lavender","rgb(179,205,227)","rgb(179,205,227)","rgb(250,180,174)","rgb(250,180,174)","rgb(250,180,174)","rgb(250,180,174)","rgb(250,180,174)","rgb(179,205,227)","rgb(179,205,227)","rgb(250,180,174)","rgb(179,205,227)","rgb(179,205,227)"],["lavender","rgb(179,205,227)","rgb(179,205,227)","rgb(250,180,174)","rgb(250,180,174)","rgb(250,180,174)","rgb(250,180,174)","rgb(250,180,174)","rgb(179,205,227)","rgb(179,205,227)","rgb(250,180,174)","rgb(179,205,227)","rgb(179,205,227)"],["lavender","rgb(179,205,227)","rgb(179,205,227)","rgb(250,180,174)","rgb(250,180,174)","rgb(250,180,174)","rgb(250,180,174)","rgb(250,180,174)","rgb(179,205,227)","rgb(179,205,227)","rgb(250,180,174)","rgb(179,205,227)","rgb(179,205,227)"],["lavender","rgb(179,205,227)","rgb(179,205,227)","rgb(179,205,227)","rgb(179,205,227)","rgb(179,205,227)","rgb(179,205,227)","rgb(179,205,227)","rgb(179,205,227)","rgb(179,205,227)","rgb(179,205,227)","rgb(179,205,227)","rgb(179,205,227)"],["lavender","rgb(179,205,227)","rgb(179,205,227)","rgb(250,180,174)","rgb(250,180,174)","rgb(250,180,174)","rgb(250,180,174)","rgb(250,180,174)","rgb(179,205,227)","rgb(179,205,227)","rgb(250,180,174)","rgb(179,205,227)","rgb(179,205,227)"],["lavender","rgb(179,205,227)","rgb(179,205,227)","rgb(179,205,227)","rgb(179,205,227)","rgb(179,205,227)","rgb(179,205,227)","rgb(179,205,227)","rgb(179,205,227)","rgb(179,205,227)","rgb(179,205,227)","rgb(179,205,227)","rgb(179,205,227)"]]}}}],"label":"Bloom ACE2 (BA.1)","method":"restyle"},{"args":[{"cells":{"values":[["BQ.1","BA.2","B.1.1.7","HK.3","KP.3.1","EG.5","BA.5","BQ.1","JN.1","BA.2.86","BA.1","B.1.617.2","XBB.1.5"],["","","","","","","","","","","","",""],["-0.48","-0.51","1.07","-0.45","-0.45","-0.45","-0.51","-0.48","-0.42","-0.42","-0.61","-0.02","-0.45"],["-0.11","-0.08","0.0","-0.15","-0.19","-0.16","-0.13","-0.11","-0.13","-0.13","0.0","-0.04","-0.08"],["-0.04","0.0","0.0","-0.13","-0.11","-0.1","-0.05","-0.04","-0.02","-0.02","-0.02","-0.02","-0.01"],["0.02","-0.01","0.25","-0.08","-0.05","-0.04","0.02","0.02","-0.01","0.01","-0.01","0.04","0.01"],["0.83","0.66","0.01","0.93","0.85","0.9","0.79","0.83","0.78","0.71","0.77","0.13","0.87"],["1.34","0.98","0.05","1.75","2.03","1.66","1.2","1.34","1.89","1.7","0.94","0.2","1.57"],["2.14","1.31","0.09","2.75","3.1","2.62","1.77","2.14","2.93","2.6","1.25","0.28","2.51"],["1.39","0.96","0.16","1.63","2.11","1.56","1.2","1.39","1.97","1.54","0.9","","1.55"],["1.74","1.42","0.01","2.24","2.77","2.05","1.73","1.74","2.51","2.28","1.43","0.39","1.85"],["0.78","0.26","","1.39","0.96","1.39","0.42","0.78","0.95","0.95","0.4","0.17","1.39"],["0.23","0.23","","0.23","0.23","0.23","0.23","0.23","0.23","0.23","0.02","","0.23"],["0.63","0.36","0.02","0.73","0.79","0.73","0.54","0.63","0.77","0.75","0.4","0.14","0.7"],["","","","","","","","","","","","",""]],"fill":{"color":[["lavender","lavender","lavender","lavender","lavender","lavender","lavender","lavender","lavender","lavender","lavender","lavender","lavender"],["lavender","lavender","lavender","lavender","lavender","lavender","lavender","lavender","lavender","lavender","lavender","lavender","lavender"],["lavender","rgb(179,205,227)","rgb(250,180,174)","rgb(250,180,174)","rgb(250,180,174)","rgb(250,180,174)","rgb(179,205,227)","rgb(179,205,227)","rgb(250,180,174)","rgb(250,180,174)","rgb(179,205,227)","rgb(250,180,174)","rgb(250,180,174)"],["lavender","rgb(250,180,174)","rgb(250,180,174)","rgb(179,205,227)","rgb(179,205,227)","rgb(179,205,227)","rgb(179,205,227)","rgb(179,205,227)","rgb(179,205,227)","rgb(179,205,227)","rgb(250,180,174)","rgb(250,180,174)","rgb(250,180,174)"],["lavender","rgb(250,180,174)","rgb(250,180,174)","rgb(179,205,227)","rgb(179,205,227)","rgb(179,205,227)","rgb(179,205,227)","rgb(179,205,227)","rgb(250,180,174)","rgb(250,180,174)","rgb(250,180,174)","rgb(250,180,174)","rgb(250,180,174)"],["lavender","rgb(179,205,227)","rgb(250,180,174)","rgb(179,205,227)","rgb(179,205,227)","rgb(179,205,227)","rgb(250,180,174)","rgb(179,205,227)","rgb(179,205,227)","rgb(179,205,227)","rgb(179,205,227)","rgb(250,180,174)","rgb(179,205,227)"],["lavender","rgb(179,205,227)","rgb(179,205,227)","rgb(250,180,174)","rgb(250,180,174)","rgb(250,180,174)","rgb(179,205,227)","rgb(179,205,227)","rgb(179,205,227)","rgb(179,205,227)","rgb(179,205,227)","rgb(179,205,227)","rgb(250,180,174)"],["lavender","rgb(179,205,227)","rgb(179,205,227)","rgb(250,180,174)","rgb(250,180,174)","rgb(250,180,174)","rgb(179,205,227)","rgb(179,205,227)","rgb(250,180,174)","rgb(250,180,174)","rgb(179,205,227)","rgb(179,205,227)","rgb(250,180,174)"],["lavender","rgb(179,205,227)","rgb(179,205,227)","rgb(250,180,174)","rgb(250,180,174)","rgb(250,180,174)","rgb(179,205,227)","rgb(179,205,227)","rgb(250,180,174)","rgb(250,180,174)","rgb(179,205,227)","rgb(179,205,227)","rgb(250,180,174)"],["lavender","rgb(179,205,227)","rgb(179,205,227)","rgb(250,180,174)","rgb(250,180,174)","rgb(250,180,174)","rgb(179,205,227)","rgb(179,205,227)","rgb(250,180,174)","rgb(250,180,174)","rgb(179,205,227)","rgb(179,205,227)","rgb(250,180,174)"],["lavender","rgb(179,205,227)","rgb(179,205,227)","rgb(250,180,174)","rgb(250,180,174)","rgb(250,180,174)","rgb(179,205,227)","rgb(179,205,227)","rgb(250,180,174)","rgb(250,180,174)","rgb(179,205,227)","rgb(179,205,227)","rgb(250,180,174)"],["lavender","rgb(179,205,227)","rgb(179,205,227)","rgb(250,180,174)","rgb(250,180,174)","rgb(250,180,174)","rgb(179,205,227)","rgb(179,205,227)","rgb(250,180,174)","rgb(250,180,174)","rgb(179,205,227)","rgb(179,205,227)","rgb(250,180,174)"],["lavender","rgb(179,205,227)","rgb(179,205,227)","rgb(179,205,227)","rgb(179,205,227)","rgb(179,205,227)","rgb(179,205,227)","rgb(179,205,227)","rgb(179,205,227)","rgb(179,205,227)","rgb(179,205,227)","rgb(179,205,227)","rgb(179,205,227)"],["lavender","rgb(179,205,227)","rgb(179,205,227)","rgb(250,180,174)","rgb(250,180,174)","rgb(250,180,174)","rgb(179,205,227)","rgb(179,205,227)","rgb(250,180,174)","rgb(250,180,174)","rgb(179,205,227)","rgb(179,205,227)","rgb(250,180,174)"],["lavender","rgb(179,205,227)","rgb(179,205,227)","rgb(179,205,227)","rgb(179,205,227)","rgb(179,205,227)","rgb(179,205,227)","rgb(179,205,227)","rgb(179,205,227)","rgb(179,205,227)","rgb(179,205,227)","rgb(179,205,227)","rgb(179,205,227)"]]}}}],"label":"Bloom ACE2 (BA.2)","method":"restyle"},{"args":[{"cells":{"values":[["BQ.1","B.1.1.7","B.1.617.2","BQ.1","BA.5","BA.2.86","XBB.1.5","HK.3","KP.3.1","EG.5","JN.1","BA.2","BA.1"],["","","","","","","","","","","","",""],["-0.48","1.07","-0.02","-0.48","-0.51","-0.42","-0.45","-0.45","-0.45","-0.45","-0.42","-0.51","-0.61"],["-0.11","0.0","-0.04","-0.11","-0.13","-0.13","-0.08","-0.15","-0.19","-0.16","-0.13","-0.08","0.0"],["-0.04","0.0","-0.02","-0.04","-0.05","-0.02","-0.01","-0.13","-0.11","-0.1","-0.02","0.0","-0.02"],["0.02","0.25","0.04","0.02","0.02","0.01","0.01","-0.08","-0.05","-0.04","-0.01","-0.01","-0.01"],["0.83","0.01","0.13","0.83","0.79","0.71","0.87","0.93","0.85","0.9","0.78","0.66","0.77"],["1.34","0.05","0.2","1.34","1.2","1.7","1.57","1.75","2.03","1.66","1.89","0.98","0.94"],["2.14","0.09","0.28","2.14","1.77","2.6","2.51","2.75","3.1","2.62","2.93","1.31","1.25"],["1.39","0.16","","1.39","1.2","1.54","1.55","1.63","2.11","1.56","1.97","0.96","0.9"],["1.74","0.01","0.39","1.74","1.73","2.28","1.85","2.24","2.77","2.05","2.51","1.42","1.43"],["0.78","","0.17","0.78","0.42","0.95","1.39","1.39","0.96","1.39","0.95","0.26","0.4"],["0.23","","","0.23","0.23","0.23","0.23","0.23","0.23","0.23","0.23","0.23","0.02"],["0.63","0.02","0.14","0.63","0.54","0.75","0.7","0.73","0.79","0.73","0.77","0.36","0.4"],["","","","","","","","","","","","",""]],"fill":{"color":[["lavender","lavender","lavender","lavender","lavender","lavender","lavender","lavender","lavender","lavender","lavender","lavender","lavender"],["lavender","lavender","lavender","lavender","lavender","lavender","lavender","lavender","lavender","lavender","lavender","lavender","lavender"],["lavender","rgb(250,180,174)","rgb(250,180,174)","rgb(179,205,227)","rgb(179,205,227)","rgb(250,180,174)","rgb(250,180,174)","rgb(250,180,174)","rgb(250,180,174)","rgb(250,180,174)","rgb(250,180,174)","rgb(179,205,227)","rgb(179,205,227)"],["lavender","rgb(250,180,174)","rgb(250,180,174)","rgb(179,205,227)","rgb(179,205,227)","rgb(179,205,227)","rgb(250,180,174)","rgb(179,205,227)","rgb(179,205,227)","rgb(179,205,227)","rgb(179,205,227)","rgb(250,180,174)","rgb(250,180,174)"],["lavender","rgb(250,180,174)","rgb(250,180,174)","rgb(179,205,227)","rgb(179,205,227)","rgb(250,180,174)","rgb(250,180,174)","rgb(179,205,227)","rgb(179,205,227)","rgb(179,205,227)","rgb(250,180,174)","rgb(250,180,174)","rgb(250,180,174)"],["lavender","rgb(250,180,174)","rgb(250,180,174)","rgb(179,205,227)","rgb(250,180,174)","rgb(179,205,227)","rgb(179,205,227)","rgb(179,205,227)","rgb(179,205,227)","rgb(179,205,227)","rgb(179,205,227)","rgb(179,205,227)","rgb(179,205,227)"],["lavender","rgb(179,205,227)","rgb(179,205,227)","rgb(179,205,227)","rgb(179,205,227)","rgb(179,205,227)","rgb(250,180,174)","rgb(250,180,174)","rgb(250,180,174)","rgb(250,180,174)","rgb(179,205,227)","rgb(179,205,227)","rgb(179,205,227)"],["lavender","rgb(179,205,227)","rgb(179,205,227)","