<html>
<head><meta charset="utf-8" /></head>
<body>
    <div>                        <script type="text/javascript">window.PlotlyConfig = {MathJaxConfig: 'local'};</script>
        <script src="https://cdn.plot.ly/plotly-2.8.3.min.js"></script>                <div id="c712b4ad-bab1-4210-8dca-e8dfb91c1241" class="plotly-graph-div" style="height:100%; width:100%;"></div>            <script type="text/javascript">                                    window.PLOTLYENV=window.PLOTLYENV || {};                                    if (document.getElementById("c712b4ad-bab1-4210-8dca-e8dfb91c1241")) {                    Plotly.newPlot(                        "c712b4ad-bab1-4210-8dca-e8dfb91c1241",                        [{"cells":{"align":"center","fill":{"color":[["lavender","lavender","lavender","lavender","lavender","lavender","lavender"],["lavender","lavender","lavender","lavender","lavender","lavender","lavender"],["lavender","rgb(179,205,227)","rgb(250,180,174)","rgb(179,205,227)","rgb(250,180,174)","rgb(250,180,174)","rgb(250,180,174)"],["lavender","rgb(179,205,227)","rgb(179,205,227)","rgb(179,205,227)","rgb(179,205,227)","rgb(179,205,227)","rgb(179,205,227)"],["lavender","rgb(250,180,174)","rgb(179,205,227)","rgb(179,205,227)","rgb(179,205,227)","rgb(179,205,227)","rgb(179,205,227)"],["lavender","rgb(250,180,174)","rgb(250,180,174)","rgb(179,205,227)","rgb(179,205,227)","rgb(179,205,227)","rgb(179,205,227)"],["lavender","rgb(250,180,174)","rgb(250,180,174)","rgb(179,205,227)","rgb(179,205,227)","rgb(179,205,227)","rgb(179,205,227)"],["lavender","rgb(179,205,227)","rgb(250,180,174)","rgb(179,205,227)","rgb(179,205,227)","rgb(179,205,227)","rgb(179,205,227)"],["lavender","rgb(250,180,174)","rgb(179,205,227)","rgb(179,205,227)","rgb(179,205,227)","rgb(179,205,227)","rgb(179,205,227)"],["lavender","rgb(250,180,174)","rgb(179,205,227)","rgb(179,205,227)","rgb(179,205,227)","rgb(179,205,227)","rgb(179,205,227)"],["lavender","rgb(179,205,227)","rgb(250,180,174)","rgb(179,205,227)","rgb(179,205,227)","rgb(179,205,227)","rgb(179,205,227)"],["lavender","rgb(250,180,174)","rgb(179,205,227)","rgb(179,205,227)","rgb(179,205,227)","rgb(179,205,227)","rgb(179,205,227)"],["lavender","rgb(179,205,227)","rgb(179,205,227)","rgb(179,205,227)","rgb(179,205,227)","rgb(179,205,227)","rgb(179,205,227)"]]},"values":[["BA.1","BA.1.1","BA.2","BA.1","Omicron","Delta","Alpha"],["NA","NA","NA","NA","NA","NA","NA"],["-2.53","-2.54","-2.17","-2.53","-1.56","0.04","0.24"],["0.67","0.66","0.46","0.67","0.37","0.17","0.42"],["0.77","0.79","0.66","0.77","0.62","0.13","0.01"],["0.94","0.98","0.98","0.94","0.87","0.2","0.05"],["1.25","1.33","1.31","1.25","1.15","0.28","0.09"],["0.9","0.9","0.96","0.9","0.89","","0.16"],["1.43","1.45","1.42","1.43","1.4","0.39","0.01"],["0.4","0.54","0.26","0.4","0.26","0.17",""],["0.02","0.02","0.23","0.02","","",""],["0.63","0.68","0.58","0.63","0.56","0.08","0.02"],["","","","","","",""]]},"header":{"align":"center","fill":{"color":"paleturquoise"},"values":["Sample ID","Pango-Lineage","Bloom ACE2","Vibrational Difference Score","Serum Escape","mAb Escape","Class Masked mAb Escape","mAb Escape Class 1","mAb Escape Class 2","mAb Escape Class 3","mAb Escape Class 4","BEC Escape Factor","Quality Warnings"]},"type":"table"}],                        {"template":{"data":{"histogram2dcontour":[{"type":"histogram2dcontour","colorbar":{"outlinewidth":0,"ticks":""},"colorscale":[[0.0,"#0d0887"],[0.1111111111111111,"#46039f"],[0.2222222222222222,"#7201a8"],[0.3333333333333333,"#9c179e"],[0.4444444444444444,"#bd3786"],[0.5555555555555556,"#d8576b"],[0.6666666666666666,"#ed7953"],[0.7777777777777778,"#fb9f3a"],[0.8888888888888888,"#fdca26"],[1.0,"#f0f921"]]}],"choropleth":[{"type":"choropleth","colorbar":{"outlinewidth":0,"ticks":""}}],"histogram2d":[{"type":"histogram2d","colorbar":{"outlinewidth":0,"ticks":""},"colorscale":[[0.0,"#0d0887"],[0.1111111111111111,"#46039f"],[0.2222222222222222,"#7201a8"],[0.3333333333333333,"#9c179e"],[0.4444444444444444,"#bd3786"],[0.5555555555555556,"#d8576b"],[0.6666666666666666,"#ed7953"],[0.7777777777777778,"#fb9f3a"],[0.8888888888888888,"#fdca26"],[1.0,"#f0f921"]]}],"heatmap":[{"type":"heatmap","colorbar":{"outlinewidth":0,"ticks":""},"colorscale":[[0.0,"#0d0887"],[0.1111111111111111,"#46039f"],[0.2222222222222222,"#7201a8"],[0.3333333333333333,"#9c179e"],[0.4444444444444444,"#bd3786"],[0.5555555555555556,"#d8576b"],[0.6666666666666666,"#ed7953"],[0.7777777777777778,"#fb9f3a"],[0.8888888888888888,"#fdca26"],[1.0,"#f0f921"]]}],"heatmapgl":[{"type":"heatmapgl","colorbar":{"outlinewidth":0,"ticks":""},"colorscale":[[0.0,"#0d0887"],[0.1111111111111111,"#46039f"],[0.2222222222222222,"#7201a8"],[0.3333333333333333,"#9c179e"],[0.4444444444444444,"#bd3786"],[0.5555555555555556,"#d8576b"],[0.6666666666666666,"#ed7953"],[0.7777777777777778,"#fb9f3a"],[0.8888888888888888,"#fdca26"],[1.0,"#f0f921"]]}],"contourcarpet":[{"type":"contourcarpet","colorbar":{"outlinewidth":0,"ticks":""}}],"contour":[{"type":"contour","colorbar":{"outlinewidth":0,"ticks":""},"colorscale":[[0.0,"#0d0887"],[0.1111111111111111,"#46039f"],[0.2222222222222222,"#7201a8"],[0.3333333333333333,"#9c179e"],[0.4444444444444444,"#bd3786"],[0.5555555555555556,"#d8576b"],[0.6666666666666666,"#ed7953"],[0.7777777777777778,"#fb9f3a"],[0.8888888888888888,"#fdca26"],[1.0,"#f0f921"]]}],"surface":[{"type":"surface","colorbar":{"outlinewidth":0,"ticks":""},"colorscale":[[0.0,"#0d0887"],[0.1111111111111111,"#46039f"],[0.2222222222222222,"#7201a8"],[0.3333333333333333,"#9c179e"],[0.4444444444444444,"#bd3786"],[0.5555555555555556,"#d8576b"],[0.6666666666666666,"#ed7953"],[0.7777777777777778,"#fb9f3a"],[0.8888888888888888,"#fdca26"],[1.0,"#f0f921"]]}],"mesh3d":[{"type":"mesh3d","colorbar":{"outlinewidth":0,"ticks":""}}],"scatter":[{"fillpattern":{"fillmode":"overlay","size":10,"solidity":0.2},"type":"scatter"}],"parcoords":[{"type":"parcoords","line":{"colorbar":{"outlinewidth":0,"ticks":""}}}],"scatterpolargl":[{"type":"scatterpolargl","marker":{"colorbar":{"outlinewidth":0,"ticks":""}}}],"bar":[{"error_x":{"color":"#2a3f5f"},"error_y":{"color":"#2a3f5f"},"marker":{"line":{"color":"#E5ECF6","width":0.5},"pattern":{"fillmode":"overlay","size":10,"solidity":0.2}},"type":"bar"}],"scattergeo":[{"type":"scattergeo","marker":{"colorbar":{"outlinewidth":0,"ticks":""}}}],"scatterpolar":[{"type":"scatterpolar","marker":{"colorbar":{"outlinewidth":0,"ticks":""}}}],"histogram":[{"marker":{"pattern":{"fillmode":"overlay","size":10,"solidity":0.2}},"type":"histogram"}],"scattergl":[{"type":"scattergl","marker":{"colorbar":{"outlinewidth":0,"ticks":""}}}],"scatter3d":[{"type":"scatter3d","line":{"colorbar":{"outlinewidth":0,"ticks":""}},"marker":{"colorbar":{"outlinewidth":0,"ticks":""}}}],"scattermapbox":[{"type":"scattermapbox","marker":{"colorbar":{"outlinewidth":0,"ticks":""}}}],"scatterternary":[{"type":"scatterternary","marker":{"colorbar":{"outlinewidth":0,"ticks":""}}}],"scattercarpet":[{"type":"scattercarpet","marker":{"colorbar":{"outlinewidth":0,"ticks":""}}}],"carpet":[{"aaxis":{"endlinecolor":"#2a3f5f","gridcolor":"white","linecolor":"white","minorgridcolor":"white","startlinecolor":"#2a3f5f"},"baxis":{"endlinecolor":"#2a3f5f","gridcolor":"white","linecolor":"white","minorgridcolor":"white","startlinecolor":"#2a3f5f"},"type":"carpet"}],"table":[{"cells":{"fill":{"color":"#EBF0F8"},"line":{"color":"white"}},"header":{"fill":{"color":"#C8D4E3"},"line":{"color":"white"}},"type":"table"}],"barpolar":[{"marker":{"line":{"color":"#E5ECF6","width":0.5},"pattern":{"fillmode":"overlay","size":10,"solidity":0.2}},"type":"barpolar"}],"pie":[{"automargin":true,"type":"pie"}]},"layout":{"autotypenumbers":"strict","colorway":["#636efa","#EF553B","#00cc96","#ab63fa","#FFA15A","#19d3f3","#FF6692","#B6E880","#FF97FF","#FECB52"],"font":{"color":"#2a3f5f"},"hovermode":"closest","hoverlabel":{"align":"left"},"paper_bgcolor":"white","plot_bgcolor":"#E5ECF6","polar":{"bgcolor":"#E5ECF6","angularaxis":{"gridcolor":"white","linecolor":"white","ticks":""},"radialaxis":{"gridcolor":"white","linecolor":"white","ticks":""}},"ternary":{"bgcolor":"#E5ECF6","aaxis":{"gridcolor":"white","linecolor":"white","ticks":""},"baxis":{"gridcolor":"white","linecolor":"white","ticks":""},"caxis":{"gridcolor":"white","linecolor":"white","ticks":""}},"coloraxis":{"colorbar":{"outlinewidth":0,"ticks":""}},"colorscale":{"sequential":[[0.0,"#0d0887"],[0.1111111111111111,"#46039f"],[0.2222222222222222,"#7201a8"],[0.3333333333333333,"#9c179e"],[0.4444444444444444,"#bd3786"],[0.5555555555555556,"#d8576b"],[0.6666666666666666,"#ed7953"],[0.7777777777777778,"#fb9f3a"],[0.8888888888888888,"#fdca26"],[1.0,"#f0f921"]],"sequentialminus":[[0.0,"#0d0887"],[0.1111111111111111,"#46039f"],[0.2222222222222222,"#7201a8"],[0.3333333333333333,"#9c179e"],[0.4444444444444444,"#bd3786"],[0.5555555555555556,"#d8576b"],[0.6666666666666666,"#ed7953"],[0.7777777777777778,"#fb9f3a"],[0.8888888888888888,"#fdca26"],[1.0,"#f0f921"]],"diverging":[[0,"#8e0152"],[0.1,"#c51b7d"],[0.2,"#de77ae"],[0.3,"#f1b6da"],[0.4,"#fde0ef"],[0.5,"#f7f7f7"],[0.6,"#e6f5d0"],[0.7,"#b8e186"],[0.8,"#7fbc41"],[0.9,"#4d9221"],[1,"#276419"]]},"xaxis":{"gridcolor":"white","linecolor":"white","ticks":"","title":{"standoff":15},"zerolinecolor":"white","automargin":true,"zerolinewidth":2},"yaxis":{"gridcolor":"white","linecolor":"white","ticks":"","title":{"standoff":15},"zerolinecolor":"white","automargin":true,"zerolinewidth":2},"scene":{"xaxis":{"backgroundcolor":"#E5ECF6","gridcolor":"white","linecolor":"white","showbackground":true,"ticks":"","zerolinecolor":"white","gridwidth":2},"yaxis":{"backgroundcolor":"#E5ECF6","gridcolor":"white","linecolor":"white","showbackground":true,"ticks":"","zerolinecolor":"white","gridwidth":2},"zaxis":{"backgroundcolor":"#E5ECF6","gridcolor":"white","linecolor":"white","showbackground":true,"ticks":"","zerolinecolor":"white","gridwidth":2}},"shapedefaults":{"line":{"color":"#2a3f5f"}},"annotationdefaults":{"arrowcolor":"#2a3f5f","arrowhead":0,"arrowwidth":1},"geo":{"bgcolor":"white","landcolor":"#E5ECF6","subunitcolor":"white","showland":true,"showlakes":true,"lakecolor":"white"},"title":{"x":0.05},"mapbox":{"style":"light"}}},"updatemenus":[{"active":6,"bgcolor":"white","buttons":[{"args":[{"cells":{"values":[["BA.1","Alpha","BA.1","BA.1.1","BA.2","Delta","Omicron"],["NA","NA","NA","NA","NA","NA","NA"],["-2.53","0.24","-2.53","-2.54","-2.17","0.04","-1.56"],["0.67","0.42","0.67","0.66","0.46","0.17","0.37"],["0.77","0.01","0.77","0.79","0.66","0.13","0.62"],["0.94","0.05","0.94","0.98","0.98","0.2","0.87"],["1.25","0.09","1.25","1.33","1.31","0.28","1.15"],["0.9","0.16","0.9","0.9","0.96","","0.89"],["1.43","0.01","1.43","1.45","1.42","0.39","1.4"],["0.4","","0.4","0.54","0.26","0.17","0.26"],["0.02","","0.02","0.02","0.23","",""],["0.63","0.02","0.63","0.68","0.58","0.08","0.56"],["","","","","","",""]],"fill":{"color":[["lavender","lavender","lavender","lavender","lavender","lavender","lavender"],["lavender","lavender","lavender","lavender","lavender","lavender","lavender"],["lavender","rgb(250,180,174)","rgb(179,205,227)","rgb(179,205,227)","rgb(250,180,174)","rgb(250,180,174)","rgb(250,180,174)"],["lavender","rgb(179,205,227)","rgb(179,205,227)","rgb(179,205,227)","rgb(179,205,227)","rgb(179,205,227)","rgb(179,205,227)"],["lavender","rgb(179,205,227)","rgb(179,205,227)","rgb(250,180,174)","rgb(179,205,227)","rgb(179,205,227)","rgb(179,205,227)"],["lavender","rgb(179,205,227)","rgb(179,205,227)","rgb(250,180,174)","rgb(250,180,174)","rgb(179,205,227)","rgb(179,205,227)"],["lavender","rgb(179,205,227)","rgb(179,205,227)","rgb(250,180,174)","rgb(250,180,174)","rgb(179,205,227)","rgb(179,205,227)"],["lavender","rgb(179,205,227)","rgb(179,205,227)","rgb(179,205,227)","rgb(250,180,174)","rgb(179,205,227)","rgb(179,205,227)"],["lavender","rgb(179,205,227)","rgb(179,205,227)","rgb(250,180,174)","rgb(179,205,227)","rgb(179,205,227)","rgb(179,205,227)"],["lavender","rgb(179,205,227)","rgb(179,205,227)","rgb(250,180,174)","rgb(179,205,227)","rgb(179,205,227)","rgb(179,205,227)"],["lavender","rgb(179,205,227)","rgb(179,205,227)","rgb(179,205,227)","rgb(250,180,174)","rgb(179,205,227)","rgb(179,205,227)"],["lavender","rgb(179,205,227)","rgb(179,205,227)","rgb(250,180,174)","rgb(179,205,227)","rgb(179,205,227)","rgb(179,205,227)"],["lavender","rgb(179,205,227)","rgb(179,205,227)","rgb(179,205,227)","rgb(179,205,227)","rgb(179,205,227)","rgb(179,205,227)"]]}}}],"label":"Sample ID","method":"restyle"},{"args":[{"cells":{"values":[["BA.1","BA.1.1","BA.2","BA.1","Omicron","Delta","Alpha"],["NA","NA","NA","NA","NA","NA","NA"],["-2.53","-2.54","-2.17","-2.53","-1.56","0.04","0.24"],["0.67","0.66","0.46","0.67","0.37","0.17","0.42"],["0.77","0.79","0.66","0.77","0.62","0.13","0.01"],["0.94","0.98","0.98","0.94","0.87","0.2","0.05"],["1.25","1.33","1.31","1.25","1.15","0.28","0.09"],["0.9","0.9","0.96","0.9","0.89","","0.16"],["1.43","1.45","1.42","1.43","1.4","0.39","0.01"],["0.4","0.54","0.26","0.4","0.26","0.17",""],["0.02","0.02","0.23","0.02","","",""],["0.63","0.68","0.58","0.63","0.56","0.08","0.02"],["","","","","","",""]],"fill":{"color":[["lavender","lavender","lavender","lavender","lavender","lavender","lavender"],["lavender","lavender","lavender","lavender","lavender","lavender","lavender"],["lavender","rgb(179,205,227)","rgb(250,180,174)","rgb(179,205,227)","rgb(250,180,174)","rgb(250,180,174)","rgb(250,180,174)"],["lavender","rgb(179,205,227)","rgb(179,205,227)","rgb(179,205,227)","rgb(179,205,227)","rgb(179,205,227)","rgb(179,205,227)"],["lavender","rgb(250,180,174)","rgb(179,205,227)","rgb(179,205,227)","rgb(179,205,227)","rgb(179,205,227)","rgb(179,205,227)"],["lavender","rgb(250,180,174)","rgb(250,180,174)","rgb(179,205,227)","rgb(179,205,227)","rgb(179,205,227)","rgb(179,205,227)"],["lavender","rgb(250,180,174)","rgb(250,180,174)","rgb(179,205,227)","rgb(179,205,227)","rgb(179,205,227)","rgb(179,205,227)"],["lavender","rgb(179,205,227)","rgb(250,180,174)","rgb(179,205,227)","rgb(179,205,227)","rgb(179,205,227)","rgb(179,205,227)"],["lavender","rgb(250,180,174)","rgb(179,205,227)","rgb(179,205,227)","rgb(179,205,227)","rgb(179,205,227)","rgb(179,205,227)"],["lavender","rgb(250,180,174)","rgb(179,205,227)","rgb(179,205,227)","rgb(179,205,227)","rgb(179,205,227)","rgb(179,205,227)"],["lavender","rgb(179,205,227)","rgb(250,180,174)","rgb(179,205,227)","rgb(179,205,227)","rgb(179,205,227)","rgb(179,205,227)"],["lavender","rgb(250,180,174)","rgb(179,205,227)","rgb(179,205,227)","rgb(179,205,227)","rgb(179,205,227)","rgb(179,205,227)"],["lavender","rgb(179,205,227)","rgb(179,205,227)","rgb(179,205,227)","rgb(179,205,227)","rgb(179,205,227)","rgb(179,205,227)"]]}}}],"label":"Pango-Lineage","method":"restyle"},{"args":[{"cells":{"values":[["BA.1","Alpha","Delta","BA.1.1","BA.1","BA.2","Omicron"],["NA","NA","NA","NA","NA","NA","NA"],["-2.53","0.24","0.04","-2.54","-2.53","-2.17","-1.56"],["0.67","0.42","0.17","0.66","0.67","0.46","0.37"],["0.77","0.01","0.13","0.79","0.77","0.66","0.62"],["0.94","0.05","0.2","0.98","0.94","0.98","0.87"],["1.25","0.09","0.28","1.33","1.25","1.31","1.15"],["0.9","0.16","","0.9","0.9","0.96","0.89"],["1.43","0.01","0.39","1.45","1.43","1.42","1.4"],["0.4","","0.17","0.54","0.4","0.26","0.26"],["0.02","","","0.02","0.02","0.23",""],["0.63","0.02","0.08","0.68","0.63","0.58","0.56"],["","","","","","",""]],"fill":{"color":[["lavender","lavender","lavender","lavender","lavender","lavender","lavender"],["lavender","lavender","lavender","lavender","lavender","lavender","lavender"],["lavender","rgb(250,180,174)","rgb(250,180,174)","rgb(179,205,227)","rgb(179,205,227)","rgb(250,180,174)","rgb(250,180,174)"],["lavender","rgb(179,205,227)","rgb(179,205,227)","rgb(179,205,227)","rgb(179,205,227)","rgb(179,205,227)","rgb(179,205,227)"],["lavender","rgb(179,205,227)","rgb(179,205,227)","rgb(250,180,174)","rgb(179,205,227)","rgb(179,205,227)","rgb(179,205,227)"],["lavender","rgb(179,205,227)","rgb(179,205,227)","rgb(250,180,174)","rgb(179,205,227)","rgb(250,180,174)","rgb(179,205,227)"],["lavender","rgb(179,205,227)","rgb(179,205,227)","rgb(250,180,174)","rgb(179,205,227)","rgb(250,180,174)","rgb(179,205,227)"],["lavender","rgb(179,205,227)","rgb(179,205,227)","rgb(179,205,227)","rgb(179,205,227)","rgb(250,180,174)","rgb(179,205,227)"],["lavender","rgb(179,205,227)","rgb(179,205,227)","rgb(250,180,174)","rgb(179,205,227)","rgb(179,205,227)","rgb(179,205,227)"],["lavender","rgb(179,205,227)","rgb(179,205,227)","rgb(250,180,174)","rgb(179,205,227)","rgb(179,205,227)","rgb(179,205,227)"],["lavender","rgb(179,205,227)","rgb(179,205,227)","rgb(179,205,227)","rgb(179,205,227)","rgb(250,180,174)","rgb(179,205,227)"],["lavender","rgb(179,205,227)","rgb(179,205,227)","rgb(250,180,174)","rgb(179,205,227)","rgb(179,205,227)","rgb(179,205,227)"],["lavender","rgb(179,205,227)","rgb(179,205,227)","rgb(179,205,227)","rgb(179,205,227)","rgb(179,205,227)","rgb(179,205,227)"]]}}}],"label":"Bloom ACE2","method":"restyle"},{"args":[{"cells":{"values":[["BA.1","BA.1","BA.1.1","BA.2","Alpha","Omicron","Delta"],["NA","NA","NA","NA","NA","NA","NA"],["-2.53","-2.53","-2.54","-2.17","0.24","-1.56","0.04"],["0.67","0.67","0.66","0.46","0.42","0.37","0.17"],["0.77","0.77","0.79","0.66","0.01","0.62","0.13"],["0.94","0.94","0.98","0.98","0.05","0.87","0.2"],["1.25","1.25","1.33","1.31","0.09","1.15","0.28"],["0.9","0.9","0.9","0.96","0.16","0.89",""],["1.43","1.43","1.45","1.42","0.01","1.4","0.39"],["0.4","0.4","0.54","0.26","","0.26","0.17"],["0.02","0.02","0.02","0.23","","",""],["0.63","0.63","0.68","0.58","0.02","0.56","0.08"],["","","","","","",""]],"fill":{"color":[["lavender","lavender","lavender","lavender","lavender","lavender","lavender"],["lavender","lavender","lavender","lavender","lavender","lavender","lavender"],["lavender","rgb(179,205,227)","rgb(179,205,227)","rgb(250,180,174)","rgb(250,180,174)","rgb(250,180,174)","rgb(250,180,174)"],["lavender","rgb(179,205,227)","rgb(179,205,227)","rgb(179,205,227)","rgb(179,205,227)","rgb(179,205,227)","rgb(179,205,227)"],["lavender","rgb(179,205,227)","rgb(250,180,174)","rgb(179,205,227)","rgb(179,205,227)","rgb(179,205,227)","rgb(179,205,227)"],["lavender","rgb(179,205,227)","rgb(250,180,174)","rgb(250,180,174)","rgb(179,205,227)","rgb(179,205,227)","rgb(179,205,227)"],["lavender","rgb(179,205,227)","rgb(250,180,174)","rgb(250,180,174)","rgb(179,205,227)","rgb(179,205,227)","rgb(179,205,227)"],["lavender","rgb(179,205,227)","rgb(179,205,227)","rgb(250,180,174)","rgb(179,205,227)","rgb(179,205,227)","rgb(179,205,227)"],["lavender","rgb(179,205,227)","rgb(250,180,174)","rgb(179,205,227)","rgb(179,205,227)","rgb(179,205,227)","rgb(179,205,227)"],["lavender","rgb(179,205,227)","rgb(250,180,174)","rgb(179,205,227)","rgb(179,205,227)","rgb(179,205,227)","rgb(179,205,227)"],["lavender","rgb(179,205,227)","rgb(179,205,227)","rgb(250,180,174)","rgb(179,205,227)","rgb(179,205,227)","rgb(179,205,227)"],["lavender","rgb(179,205,227)","rgb(250,180,174)","rgb(179,205,227)","rgb(179,205,227)","rgb(179,205,227)","rgb(179,205,227)"],["lavender","rgb(179,205,227)","rgb(179,205,227)","rgb(179,205,227)","rgb(179,205,227)","rgb(179,205,227)","rgb(179,205,227)"]]}}}],"label":"Vibrational Difference Score","method":"restyle"},{"args":[{"cells":{"values":[["BA.1","BA.1.1","BA.1","BA.2","Omicron","Delta","Alpha"],["NA","NA","NA","NA","NA","NA","NA"],["-2.53","-2.54","-2.53","-2.17","-1.56","0.04","0.24"],["0.67","0.66","0.67","0.46","0.37","0.17","0.42"],["0.77","0.79","0.77","0.66","0.62","0.13","0.01"],["0.94","0.98","0.94","0.98","0.87","0.2","0.05"],["1.25","1.33","1.25","1.31","1.15","0.28","0.09"],["0.9","0.9","0.9","0.96","0.89","","0.16"],["1.43","1.45","1.43","1.42","1.4","0.39","0.01"],["0.4","0.54","0.4","0.26","0.26","0.17",""],["0.02","0.02","0.02","0.23","","",""],["0.63","0.68","0.63","0.58","0.56","0.08","0.02"],["","","","","","",""]],"fill":{"color":[["lavender","lavender","lavender","lavender","lavender","lavender","lavender"],["lavender","lavender","lavender","lavender","lavender","lavender","lavender"],["lavender","rgb(179,205,227)","rgb(179,205,227)","rgb(250,180,174)","rgb(250,180,174)","rgb(250,180,174)","rgb(250,180,174)"],["lavender","rgb(179,205,227)","rgb(179,205,227)","rgb(179,205,227)","rgb(179,205,227)","rgb(179,205,227)","rgb(179,205,227)"],["lavender","rgb(250,180,174)","rgb(179,205,227)","rgb(179,205,227)","rgb(179,205,227)","rgb(179,205,227)","rgb(179,205,227)"],["lavender","rgb(250,180,174)","rgb(179,205,227)","rgb(250,180,174)","rgb(179,205,227)","rgb(179,205,227)","rgb(179,205,227)"],["lavender","rgb(250,180,174)","rgb(179,205,227)","rgb(250,180,174)","rgb(179,205,227)","rgb(179,205,227)","rgb(179,205,227)"],["lavender","rgb(179,205,227)","rgb(179,205,227)","rgb(250,180,174)","rgb(179,205,227)","rgb(179,205,227)","rgb(179,205,227)"],["lavender","rgb(250,180,174)","rgb(179,205,227)","rgb(179,205,227)","rgb(179,205,227)","rgb(179,205,227)","rgb(179,205,227)"],["lavender","rgb(250,180,174)","rgb(179,205,227)","rgb(179,205,227)","rgb(179,205,227)","rgb(179,205,227)","rgb(179,205,227)"],["lavender","rgb(179,205,227)","rgb(179,205,227)","rgb(250,180,174)","rgb(179,205,227)","rgb(179,205,227)","rgb(179,205,227)"],["lavender","rgb(250,180,174)","rgb(179,205,227)","rgb(179,205,227)","rgb(179,205,227)","rgb(179,205,227)","rgb(179,205,227)"],["lavender","rgb(179,205,227)","rgb(179,205,227)","rgb(179,205,227)","rgb(179,205,227)","rgb(179,205,227)","rgb(179,205,227)"]]}}}],"label":"Serum Escape","method":"restyle"},{"args":[{"cells":{"values":[["BA.1","BA.1.1","BA.2","BA.1","Omicron","Delta","Alpha"],["NA","NA","NA","NA","NA","NA","NA"],["-2.53","-2.54","-2.17","-2.53","-1.56","0.04","0.24"],["0.67","0.66","0.46","0.67","0.37","0.17","0.42"],["0.77","0.79","0.66","0.77","0.62","0.13","0.01"],["0.94","0.98","0.98","0.94","0.87","0.2","0.05"],["1.25","1.33","1.31","1.25","1.15","0.28","0.09"],["0.9","0.9","0.96","0.9","0.89","","0.16"],["1.43","1.45","1.42","1.43","1.4","0.39","0.01"],["0.4","0.54","0.26","0.4","0.26","0.17",""],["0.02","0.02","0.23","0.02","","",""],["0.63","0.68","0.58","0.63","0.56","0.08","0.02"],["","","","","","",""]],"fill":{"color":[["lavender","lavender","lavender","lavender","lavender","lavender","lavender"],["lavender","lavender","lavender","lavender","lavender","lavender","lavender"],["lavender","rgb(179,205,227)","rgb(250,180,174)","rgb(179,205,227)","rgb(250,180,174)","rgb(250,180,174)","rgb(250,180,174)"],["lavender","rgb(179,205,227)","rgb(179,205,227)","rgb(179,205,227)","rgb(179,205,227)","rgb(179,205,227)","rgb(179,205,227)"],["lavender","rgb(250,180,174)","rgb(179,205,227)","rgb(179,205,227)","rgb(179,205,227)","rgb(179,205,227)","rgb(179,205,227)"],["lavender","rgb(250,180,174)","rgb(250,180,174)","rgb(179,205,227)","rgb(179,205,227)","rgb(179,205,227)","rgb(179,205,227)"],["lavender","rgb(250,180,174)","rgb(250,180,174)","rgb(179,205,227)","rgb(179,205,227)","rgb(179,205,227)","rgb(179,205,227)"],["lavender","rgb(179,205,227)","rgb(250,180,174)","rgb(179,205,227)","rgb(179,205,227)","rgb(179,205,227)","rgb(179,205,227)"],["lavender","rgb(250,180,174)","rgb(179,205,227)","rgb(179,205,227)","rgb(179,205,227)","rgb(179,205,227)","rgb(179,205,227)"],["lavender","rgb(250,180,174)","rgb(179,205,227)","rgb(179,205,227)","rgb(179,205,227)","rgb(179,205,227)","rgb(179,205,227)"],["lavender","rgb(179,205,227)","rgb(250,180,174)","rgb(179,205,227)","rgb(179,205,227)","rgb(179,205,227)","rgb(179,205,227)"],["lavender","rgb(250,180,174)","rgb(179,205,227)","rgb(179,205,227)","rgb(179,205,227)","rgb(179,205,227)","rgb(179,205,227)"],["lavender","rgb(179,205,227)","rgb(179,205,227)","rgb(179,205,227)","rgb(179,205,227)","rgb(179,205,227)","rgb(179,205,227)"]]}}}],"label":"mAb Escape","method":"restyle"},{"args":[{"cells":{"values":[["BA.1","BA.1.1","BA.2","BA.1","Omicron","Delta","Alpha"],["NA","NA","NA","NA","NA","NA","NA"],["-2.53","-2.54","-2.17","-2.53","-1.56","0.04","0.24"],["0.67","0.66","0.46","0.67","0.37","0.17","0.42"],["0.77","0.79","0.66","0.77","0.62","0.13","0.01"],["0.94","0.98","0.98","0.94","0.87","0.2","0.05"],["1.25","1.33","1.31","1.25","1.15","0.28","0.09"],["0.9","0.9","0.96","0.9","0.89","","0.16"],["1.43","1.45","1.42","1.43","1.4","0.39","0.01"],["0.4","0.54","0.26","0.4","0.26","0.17",""],["0.02","0.02","0.23","0.02","","",""],["0.63","0.68","0.58","0.63","0.56","0.08","0.02"],["","","","","","",""]],"fill":{"color":[["lavender","lavender","lavender","lavender","lavender","lavender","lavender"],["lavender","lavender","lavender","lavender","lavender","lavender","lavender"],["lavender","rgb(179,205,227)","rgb(250,180,174)","rgb(179,205,227)","rgb(250,180,174)","rgb(250,180,174)","rgb(250,180,174)"],["lavender","rgb(179,205,227)","rgb(179,205,227)","rgb(179,205,227)","rgb(179,205,227)","rgb(179,205,227)","rgb(179,205,227)"],["lavender","rgb(250,180,174)","rgb(179,205,227)","rgb(179,205,227)","rgb(179,205,227)","rgb(179,205,227)","rgb(179,205,227)"],["lavender","rgb(250,180,174)","rgb(250,180,174)","rgb(179,205,227)","rgb(179,205,227)","rgb(179,205,227)","rgb(179,205,227)"],["lavender","rgb(250,180,174)","rgb(250,180,174)","rgb(179,205,227)","rgb(179,205,227)","rgb(179,205,227)","rgb(179,205,227)"],["lavender","rgb(179,205,227)","rgb(250,180,174)","rgb(179,205,227)","rgb(179,205,227)","rgb(179,205,227)","rgb(179,205,227)"],["lavender","rgb(250,180,174)","rgb(179,205,227)","rgb(179,205,227)","rgb(179,205,227)","rgb(179,205,227)","rgb(179,205,227)"],["lavender","rgb(250,180,174)","rgb(179,205,227)","rgb(179,205,227)","rgb(179,205,227)","rgb(179,205,227)","rgb(179,205,227)"],["lavender","rgb(179,205,227)","rgb(250,180,174)","rgb(179,205,227)","rgb(179,205,227)","rgb(179,205,227)","rgb(179,205,227)"],["lavender","rgb(250,180,174)","rgb(179,205,227)","rgb(179,205,227)","rgb(179,205,227)","rgb(179,205,227)","rgb(179,205,227)"],["lavender","rgb(179,205,227)","rgb(179,205,227)","rgb(179,205,227)","rgb(179,205,227)","rgb(179,205,227)","rgb(179,205,227)"]]}}}],"label":"Class Masked mAb Escape","method":"restyle"},{"args":[{"cells":{"values":[["BA.1","BA.2","BA.1.1","BA.1","Omicron","Alpha","Delta"],["NA","NA","NA","NA","NA","NA","NA"],["-2.53","-2.17","-2.54","-2.53","-1.56","0.24","0.04"],["0.67","0.46","0.66","0.67","0.37","0.42","0.17"],["0.77","0.66","0.79","0.77","0.62","0.01","0.13"],["0.94","0.98","0.98","0.94","0.87","0.05","0.2"],["1.25","1.31","1.33","1.25","1.15","0.09","0.28"],["0.9","0.96","0.9","0.9","0.89","0.16",""],["1.43","1.42","1.45","1.43","1.4","0.01","0.39"],["0.4","0.26","0.54","0.4","0.26","","0.17"],["0.02","0.23","0.02","0.02","","",""],["0.63","0.58","0.68","0.63","0.56","0.02","0.08"],["","","","","","",""]],"fill":{"color":[["lavender","lavender","lavender","lavender","lavender","lavender","lavender"],["lavender","lavender","lavender","lavender","lavender","lavender","lavender"],["lavender","rgb(250,180,174)","rgb(179,205,227)","rgb(179,205,227)","rgb(250,180,174)","rgb(250,180,174)","rgb(250,180,174)"],["lavender","rgb(179,205,227)","rgb(179,205,227)","rgb(179,205,227)","rgb(179,205,227)","rgb(179,205,227)","rgb(179,205,227)"],["lavender","rgb(179,205,227)","rgb(250,180,174)","rgb(179,205,227)","rgb(179,205,227)","rgb(179,205,227)","rgb(179,205,227)"],["lavender","rgb(250,180,174)","rgb(250,180,174)","rgb(179,205,227)","rgb(179,205,227)","rgb(179,205,227)","rgb(179,205,227)"],["lavender","rgb(250,180,174)","rgb(250,180,174)","rgb(179,205,227)","rgb(179,205,227)","rgb(179,205,227)","rgb(179,205,227)"],["lavender","rgb(250,180,174)","rgb(179,205,227)","rgb(179,205,227)","rgb(179,205,227)","rgb(179,205,227)","rgb(179,205,227)"],["lavender","rgb(179,205,227)","rgb(250,180,174)","rgb(179,205,227)","rgb(179,205,227)","rgb(179,205,227)","rgb(179,205,227)"],["lavender","rgb(179,205,227)","rgb(250,180,174)","rgb(179,205,227)","rgb(179,205,227)","rgb(179,205,227)","rgb(179,205,227)"],["lavender","rgb(250,180,174)","rgb(179,205,227)","rgb(179,205,227)","rgb(179,205,227)","rgb(179,205,227)","rgb(179,205,227)"],["lavender","rgb(179,205,227)","rgb(250,180,174)","rgb(179,205,227)","rgb(179,205,227)","rgb(179,205,227)","rgb(179,205,227)"],["lavender","rgb(179,205,227)","rgb(179,205,227)","rgb(179,205,227)","rgb(179,205,227)","rgb(179,205,227)","rgb(179,205,227)"]]}}}],"label":"mAb Escape Class 1","method":"restyle"},{"args":[{"cells":{"values":[["BA.1","BA.1.1","BA.1","BA.2","Omicron","Delta","Alpha"],["NA","NA","NA","NA","NA","NA","NA"],["-2.53","-2.54","-2.53","-2.17","-1.56","0.04","0.24"],["0.67","0.66","0.67","0.46","0.37","0.17","0.42"],["0.77","0.79","0.77","0.66","0.62","0.13","0.01"],["0.94","0.98","0.94","0.98","0.87","0.2","0.05"],["1.25","1.33","1.25","1.31","1.15","0.28","0.09"],["0.9","0.9","0.9","0.96","0.89","","0.16"],["1.43","1.45","1.43","1.42","1.4","0.39","0.01"],["0.4","0.54","0.4","0.26","0.26","0.17",""],["0.02","0.02","0.02","0.23","","",""],["0.63","0.68","0.63","0.58","0.56","0.08","0.02"],["","","","","","",""]],"fill":{"color":[["lavender","lavender","lavender","lavender","lavender","lavender","lavender"],["lavender","lavender","lavender","lavender","lavender","lavender","lavender"],["lavender","rgb(179,205,227)","rgb(179,205,227)","rgb(250,180,174)","rgb(250,180,174)","rgb(250,180,174)","rgb(250,180,174)"],["lavender","rgb(179,205,227)","rgb(179,205,227)","rgb(179,205,227)","rgb(179,205,227)","rgb(179,205,227)","rgb(179,205,227)"],["lavender","rgb(250,180,174)","rgb(179,205,227)","rgb(179,205,227)","rgb(179,205,227)","rgb(179,205,227)","rgb(179,205,227)"],["lavender","rgb(250,180,174)","rgb(179,205,227)","rgb(250,180,174)","rgb(179,205,227)","rgb(179,205,227)","rgb(179,205,227)"],["lavender","rgb(250,180,174)","rgb(179,205,227)","rgb(250,180,174)","rgb(179,205,227)","rgb(179,205,227)","rgb(179,205,227)"],["lavender","rgb(179,205,227)","rgb(179,205,227)","rgb(250,180,174)","rgb(179,205,227)","rgb(179,205,227)","rgb(179,205,227)"],["lavender","rgb(250,180,174)","rgb(179,205,227)","rgb(179,205,227)","rgb(179,205,227)","rgb(179,205,227)","rgb(179,205,227)"],["lavender","rgb(250,180,174)","rgb(179,205,227)","rgb(179,205,227)","rgb(179,205,227)","rgb(179,205,227)","rgb(179,205,227)"],["lavender","rgb(179,205,227)","rgb(179,205,227)","rgb(250,180,174)","rgb(179,205,227)","rgb(179,205,227)","rgb(179,205,227)"],["lavender","rgb(250,180,174)","rgb(179,205,227)","rgb(179,205,227)","rgb(179,205,227)","rgb(179,205,227)","rgb(179,205,227)"],["lavender","rgb(179,205,227)","rgb(179,205,227)","rgb(179,205,227)","rgb(179,205,227)","rgb(179,205,227)","rgb(179,205,227)"]]}}}],"label":"mAb Escape Class 2","method":"restyle"},{"args":[{"cells":{"values":[["BA.1","BA.1.1","BA.1","BA.2","Omicron","Delta","Alpha"],["NA","NA","NA","NA","NA","NA","NA"],["-2.53","-2.54","-2.53","-2.17","-1.56","0.04","0.24"],["0.67","0.66","0.67","0.46","0.37","0.17","0.42"],["0.77","0.79","0.77","0.66","0.62","0.13","0.01"],["0.94","0.98","0.94","0.98","0.87","0.2","0.05"],["1.25","1.33","1.25","1.31","1.15","0.28","0.09"],["0.9","0.9","0.9","0.96","0.89","","0.16"],["1.43","1.45","1.43","1.42","1.4","0.39","0.01"],["0.4","0.54","0.4","0.26","0.26","0.17",""],["0.02","0.02","0.02","0.23","","",""],["0.63","0.68","0.63","0.58","0.56","0.08","0.02"],["","","","","","",""]],"fill":{"color":[["lavender","lavender","lavender","lavender","lavender","lavender","lavender"],["lavender","lavender","lavender","lavender","lavender","lavender","lavender"],["lavender","rgb(179,205,227)","rgb(179,205,227)","rgb(250,180,174)","rgb(250,180,174)","rgb(250,180,174)","rgb(250,180,174)"],["lavender","rgb(179,205,227)","rgb(179,205,227)","rgb(179,205,227)","rgb(179,205,227)","rgb(179,205,227)","rgb(179,205,227)"],["lavender","rgb(250,180,174)","rgb(179,205,227)","rgb(179,205,227)","rgb(179,205,227)","rgb(179,205,227)","rgb(179,205,227)"],["lavender","rgb(250,180,174)","rgb(179,205,227)","rgb(250,180,174)","rgb(179,205,227)","rgb(179,205,227)","rgb(179,205,227)"],["lavender","rgb(250,180,174)","rgb(179,205,227)","rgb(250,180,174)","rgb(179,205,227)","rgb(179,205,227)","rgb(179,205,227)"],["lavender","rgb(179,205,227)","rgb(179,205,227)","rgb(250,180,174)","rgb(179,205,227)","rgb(179,205,227)","rgb(179,205,227)"],["lavender","rgb(250,180,174)","rgb(179,205,227)","rgb(179,205,227)","rgb(179,205,227)","rgb(179,205,227)","rgb(179,205,227)"],["lavender","rgb(250,180,174)","rgb(179,205,227)","rgb(179,205,227)","rgb(179,205,227)","rgb(179,205,227)","rgb(179,205,227)"],["lavender","rgb(179,205,227)","rgb(179,205,227)","rgb(250,180,174)","rgb(179,205,227)","rgb(179,205,227)","rgb(179,205,227)"],["lavender","rgb(250,180,174)","rgb(179,205,227)","rgb(179,205,227)","rgb(179,205,227)","rgb(179,205,227)","rgb(179,205,227)"],["lavender","rgb(179,205,227)","rgb(179,205,227)","rgb(179,205,227)","rgb(179,205,227)","rgb(179,205,227)","rgb(179,205,227)"]]}}}],"label":"mAb Escape Class 3","method":"restyle"},{"args":[{"cells":{"values":[["BA.1","BA.2","BA.1.1","BA.1","Omicron","Delta","Alpha"],["NA","NA","NA","NA","NA","NA","NA"],["-2.53","-2.17","-2.54","-2.53","-1.56","0.04","0.24"],["0.67","0.46","0.66","0.67","0.37","0.17","0.42"],["0.77","0.66","0.79","0.77","0.62","0.13","0.01"],["0.94","0.98","0.98","0.94","0.87","0.2","0.05"],["1.25","1.31","1.33","1.25","1.15","0.28","0.09"],["0.9","0.96","0.9","0.9","0.89","","0.16"],["1.43","1.42","1.45","1.43","1.4","0.39","0.01"],["0.4","0.26","0.54","0.4","0.26","0.17",""],["0.02","0.23","0.02","0.02","","",""],["0.63","0.58","0.68","0.63","0.56","0.08","0.02"],["","","","","","",""]],"fill":{"color":[["lavender","lavender","lavender","lavender","lavender","lavender","lavender"],["lavender","lavender","lavender","lavender","lavender","lavender","lavender"],["lavender","rgb(250,180,174)","rgb(179,205,227)","rgb(179,205,227)","rgb(250,180,174)","rgb(250,180,174)","rgb(250,180,174)"],["lavender","rgb(179,205,227)","rgb(179,205,227)","rgb(179,205,227)","rgb(179,205,227)","rgb(179,205,227)","rgb(179,205,227)"],["lavender","rgb(179,205,227)","rgb(250,180,174)","rgb(179,205,227)","rgb(179,205,227)","rgb(179,205,227)","rgb(179,205,227)"],["lavender","rgb(250,180,174)","rgb(250,180,174)","rgb(179,205,227)","rgb(179,205,227)","rgb(179,205,227)","rgb(179,205,227)"],["lavender","rgb(250,180,174)","rgb(250,180,174)","rgb(179,205,227)","rgb(179,205,227)","rgb(179,205,227)","rgb(179,205,227)"],["lavender","rgb(250,180,174)","rgb(179,205,227)","rgb(179,205,227)","rgb(179,205,227)","rgb(179,205,227)","rgb(179,205,227)"],["lavender","rgb(179,205,227)","rgb(250,180,174)","rgb(179,205,227)","rgb(179,205,227)","rgb(179,205,227)","rgb(179,205,227)"],["lavender","rgb(179,205,227)","rgb(250,180,174)","rgb(179,205,227)","rgb(179,205,227)","rgb(179,205,227)","rgb(179,205,227)"],["lavender","rgb(250,180,174)","rgb(179,205,227)","rgb(179,205,227)","rgb(179,205,227)","rgb(179,205,227)","rgb(179,205,227)"],["lavender","rgb(179,205,227)","rgb(250,180,174)","rgb(179,205,227)","rgb(179,205,227)","rgb(179,205,227)","rgb(179,205,227)"],["lavender","rgb(179,205,227)","rgb(179,205,227)","rgb(179,205,227)","rgb(179,205,227)","rgb(179,205,227)","rgb(179,205,227)"]]}}}],"label":"mAb Escape Class 4","method":"restyle"},{"args":[{"cells":{"values":[["BA.1","BA.1.1","BA.1","BA.2","Omicron","Delta","Alpha"],["NA","NA","NA","NA","NA","NA","NA"],["-2.53","-2.54","-2.53","-2.17","-1.56","0.04","0.24"],["0.67","0.66","0.67","0.46","0.37","0.17","0.42"],["0.77","0.79","0.77","0.66","0.62","0.13","0.01"],["0.94","0.98","0.94","0.98","0.87","0.2","0.05"],["1.25","1.33","1.25","1.31","1.15","0.28","0.09"],["0.9","0.9","0.9","0.96","0.89","","0.16"],["1.43","1.45","1.43","1.42","1.4","0.39","0.01"],["0.4","0.54","0.4","0.26","0.26","0.17",""],["0.02","0.02","0.02","0.23","","",""],["0.63","0.68","0.63","0.58","0.56","0.08","0.02"],["","","","","","",""]],"fill":{"color":[["lavender","lavender","lavender","lavender","lavender","lavender","lavender"],["lavender","lavender","lavender","lavender","lavender","lavender","lavender"],["lavender","rgb(179,205,227)","rgb(179,205,227)","rgb(250,180,174)","rgb(250,180,174)","rgb(250,180,174)","rgb(250,180,174)"],["lavender","rgb(179,205,227)","rgb(179,205,227)","rgb(179,205,227)","rgb(179,205,227)","rgb(179,205,227)","rgb(179,205,227)"],["lavender","rgb(250,180,174)","rgb(179,205,227)","rgb(179,205,227)","rgb(179,205,227)","rgb(179,205,227)","rgb(179,205,227)"],["lavender","rgb(250,180,174)","rgb(179,205,227)","rgb(250,180,174)","rgb(179,205,227)","rgb(179,205,227)","rgb(179,205,227)"],["lavender","rgb(250,180,174)","rgb(179,205,227)","rgb(250,180,174)","rgb(179,205,227)","rgb(179,205,227)","rgb(179,205,227)"],["lavender","rgb(179,205,227)","rgb(179,205,227)","rgb(250,180,174)","rgb(179,205,227)","rgb(179,205,227)","rgb(179,205,227)"],["lavender","rgb(250,180,174)","rgb(179,205,227)","rgb(179,205,227)","rgb(179,205,227)","rgb(179,205,227)","rgb(179,205,227)"],["lavender","rgb(250,180,174)","rgb(179,205,227)","rgb(179,205,227)","rgb(179,205,227)","rgb(179,205,227)","rgb(179,205,227)"],["lavender","rgb(179,205,227)","rgb(179,205,227)","rgb(250,180,174)","rgb(179,205,227)","rgb(179,205,227)","rgb(179,205,227)"],["lavender","rgb(250,180,174)","rgb(179,205,227)","rgb(179,205,227)","rgb(179,205,227)","rgb(179,205,227)","rgb(179,205,227)"],["lavender","rgb(179,205,227)","rgb(179,205,227)","rgb(179,205,227)","rgb(179,205,227)","rgb(179,205,227)","rgb(179,205,227)"]]}}}],"label":"BEC Escape Factor","method":"restyle"},{"args":[{"cells":{"values":[["BA.1","BA.1.1","BA.2","BA.1","Omicron","Delta","Alpha"],["NA","NA","NA","NA","NA","NA","NA"],["-2.53","-2.54","-2.17","-2.53","-1.56","0.04","0.24"],["0.67","0.66","0.46","0.67","0.37","0.17","0.42"],["0.77","0.79","0.66","0.77","0.62","0.13","0.01"],["0.94","0.98","0.98","0.94","0.87","0.2","0.05"],["1.25","1.33","1.31","1.25","1.15","0.28","0.09"],["0.9","0.9","0.96","0.9","0.89","","0.16"],["1.43","1.45","1.42","1.43","1.4","0.39","0.01"],["0.4","0.54","0.26","0.4","0.26","0.17",""],["0.02","0.02","0.23","0.02","","",""],["0.63","0.68","0.58","0.63","0.56","0.08","0.02"],["","","","","","",""]],"fill":{"color":[["lavender","lavender","lavender","lavender","lavender","lavender","lavender"],["lavender","lavender","lavender","lavender","lavender","lavender","lavender"],["lavender","rgb(179,205,227)","rgb(250,180,174)","rgb(179,205,227)","rgb(250,180,174)","rgb(250,180,174)","rgb(250,180,174)"],["lavender","rgb(179,205,227)","rgb(179,205,227)","rgb(179,205,227)","rgb(179,205,227)","rgb(179,205,227)","rgb(179,205,227)"],["lavender","rgb(250,180,174)","rgb(179,205,227)","rgb(179,205,227)","rgb(179,205,227)","rgb(179,205,227)","rgb(179,205,227)"],["lavender","rgb(250,180,174)","rgb(250,180,174)","rgb(179,205,227)","rgb(179,205,227)","rgb(179,205,227)","rgb(179,205,227)"],["lavender","rgb(250,180,174)","rgb(250,180,174)","rgb(179,205,227)","rgb(179,205,227)","rgb(179,205,227)","rgb(179,205,227)"],["lavender","rgb(179,205,227)","rgb(250,180,174)","rgb(179,205,227)","rgb(179,205,227)","rgb(179,205,227)","rgb(179,205,227)"],["lavender","rgb(250,180,174)","rgb(179,205,227)","rgb(179,205,227)","rgb(179,205,227)","rgb(179,205,227)","rgb(179,205,227)"],["lavender","rgb(250,180,174)","rgb(179,205,227)","rgb(179,205,227)","rgb(179,205,227)","rgb(179,205,227)","rgb(179,205,227)"],["lavender","rgb(179,205,227)","rgb(250,180,174)","rgb(179,205,227)","rgb(179,205,227)","rgb(179,205,227)","rgb(179,205,227)"],["lavender","rgb(250,180,174)","rgb(179,205,227)","rgb(179,205,227)","rgb(179,205,227)","rgb(179,205,227)","rgb(179,205,227)"],["lavender","rgb(179,205,227)","rgb(179,205,227)","rgb(179,205,227)","rgb(179,205,227)","rgb(179,205,227)","rgb(179,205,227)"]]}}}],"label":"Quality Warnings","method":"restyle"}],"direction":"down","pad":{"r":10,"t":10},"showactive":true,"x":0.025,"xanchor":"left","y":1.15,"yanchor":"top"}],"annotations":[{"align":"left","showarrow":false,"text":"Sort:","x":0,"y":1.1,"yref":"paper"}],"margin":{"r":5,"l":5,"t":5,"b":5},"paper_bgcolor":"rgba(0,0,0,0)","autosize":true},                        {"responsive": true}         