<html>
<head><meta charset="utf-8" /></head>
<body>
    <div>                        <script type="text/javascript">window.PlotlyConfig = {MathJaxConfig: 'local'};</script>
        <script src="https://cdn.plot.ly/plotly-2.8.3.min.js"></script>                <div id="4996d369-a60b-4d99-a5e4-1c5f5f34569d" class="plotly-graph-div" style="height:100%; width:100%;"></div>            <script type="text/javascript">                                    window.PLOTLYENV=window.PLOTLYENV || {};                                    if (document.getElementById("4996d369-a60b-4d99-a5e4-1c5f5f34569d")) {                    Plotly.newPlot(                        "4996d369-a60b-4d99-a5e4-1c5f5f34569d",                        [{"cells":{"align":"center","fill":{"color":[["lavender","lavender","lavender","lavender","lavender","lavender","lavender","lavender","lavender","lavender","lavender","lavender","lavender"],["lavender","lavender","lavender","lavender","lavender","lavender","lavender","lavender","lavender","lavender","lavender","lavender","lavender"],["lavender","rgb(250,180,174)","rgb(250,180,174)","rgb(179,205,227)","rgb(179,205,227)","rgb(250,180,174)","rgb(250,180,174)","rgb(250,180,174)","rgb(179,205,227)","rgb(250,180,174)","rgb(179,205,227)","rgb(250,180,174)","rgb(250,180,174)"],["lavender","rgb(250,180,174)","rgb(250,180,174)","rgb(179,205,227)","rgb(179,205,227)","rgb(250,180,174)","rgb(250,180,174)","rgb(250,180,174)","rgb(250,180,174)","rgb(250,180,174)","rgb(250,180,174)","rgb(250,180,174)","rgb(250,180,174)"],["lavender","rgb(250,180,174)","rgb(250,180,174)","rgb(179,205,227)","rgb(179,205,227)","rgb(179,205,227)","rgb(250,180,174)","rgb(250,180,174)","rgb(250,180,174)","rgb(250,180,174)","rgb(250,180,174)","rgb(250,180,174)","rgb(250,180,174)"],["lavender","rgb(179,205,227)","rgb(179,205,227)","rgb(179,205,227)","rgb(179,205,227)","rgb(179,205,227)","rgb(179,205,227)","rgb(179,205,227)","rgb(179,205,227)","rgb(179,205,227)","rgb(179,205,227)","rgb(179,205,227)","rgb(179,205,227)"],["lavender","rgb(250,180,174)","rgb(179,205,227)","rgb(179,205,227)","rgb(179,205,227)","rgb(179,205,227)","rgb(179,205,227)","rgb(179,205,227)","rgb(250,180,174)","rgb(179,205,227)","rgb(179,205,227)","rgb(179,205,227)","rgb(179,205,227)"],["lavender","rgb(250,180,174)","rgb(179,205,227)","rgb(179,205,227)","rgb(179,205,227)","rgb(179,205,227)","rgb(179,205,227)","rgb(179,205,227)","rgb(179,205,227)","rgb(179,205,227)","rgb(179,205,227)","rgb(179,205,227)","rgb(179,205,227)"],["lavender","rgb(250,180,174)","rgb(250,180,174)","rgb(179,205,227)","rgb(179,205,227)","rgb(179,205,227)","rgb(179,205,227)","rgb(179,205,227)","rgb(179,205,227)","rgb(179,205,227)","rgb(179,205,227)","rgb(179,205,227)","rgb(179,205,227)"],["lavender","rgb(179,205,227)","rgb(179,205,227)","rgb(179,205,227)","rgb(179,205,227)","rgb(179,205,227)","rgb(179,205,227)","rgb(179,205,227)","rgb(179,205,227)","rgb(179,205,227)","rgb(179,205,227)","rgb(179,205,227)","rgb(179,205,227)"],["lavender","rgb(179,205,227)","rgb(179,205,227)","rgb(179,205,227)","rgb(179,205,227)","rgb(179,205,227)","rgb(179,205,227)","rgb(179,205,227)","rgb(179,205,227)","rgb(179,205,227)","rgb(179,205,227)","rgb(179,205,227)","rgb(179,205,227)"],["lavender","rgb(250,180,174)","rgb(250,180,174)","rgb(179,205,227)","rgb(179,205,227)","rgb(179,205,227)","rgb(179,205,227)","rgb(179,205,227)","rgb(250,180,174)","rgb(179,205,227)","rgb(179,205,227)","rgb(179,205,227)","rgb(179,205,227)"],["lavender","rgb(179,205,227)","rgb(179,205,227)","rgb(179,205,227)","rgb(179,205,227)","rgb(179,205,227)","rgb(179,205,227)","rgb(179,205,227)","rgb(179,205,227)","rgb(179,205,227)","rgb(179,205,227)","rgb(179,205,227)","rgb(179,205,227)"],["lavender","rgb(250,180,174)","rgb(250,180,174)","rgb(179,205,227)","rgb(179,205,227)","rgb(179,205,227)","rgb(179,205,227)","rgb(179,205,227)","rgb(179,205,227)","rgb(179,205,227)","rgb(179,205,227)","rgb(179,205,227)","rgb(179,205,227)"],["lavender","rgb(179,205,227)","rgb(179,205,227)","rgb(179,205,227)","rgb(179,205,227)","rgb(179,205,227)","rgb(179,205,227)","rgb(179,205,227)","rgb(179,205,227)","rgb(179,205,227)","rgb(179,205,227)","rgb(179,205,227)","rgb(179,205,227)"]]},"values":[["BA.5","BQ.1.1","BQ.1","BA.4","BA.5","BA.5.3.1","BA.2.12.1","BA.2.75","BA.1.1","BA.2","BA.1","Delta","Alpha"],["","","","","","","","","","","","",""],["-0.51","-0.43","-0.45","-0.51","-0.51","-0.51","-0.49","-0.5","-0.59","-0.51","-0.61","-0.02","1.07"],["-0.13","-0.06","-0.07","-0.13","-0.13","-0.13","-0.08","-0.07","0.01","-0.08","0.0","-0.04","0.0"],["-0.05","-0.04","-0.05","-0.05","-0.05","-0.05","-0.01","0.0","-0.02","0.0","-0.02","-0.02","0.0"],["0.67","0.44","0.44","0.67","0.67","0.51","0.35","0.49","0.66","0.46","0.67","0.17","0.42"],["0.79","0.79","0.77","0.79","0.79","0.74","0.73","0.65","0.79","0.66","0.77","0.13","0.01"],["1.2","1.28","1.2","1.2","1.2","1.06","1.04","0.86","0.98","0.98","0.94","0.2","0.05"],["1.77","2.08","1.92","1.77","1.77","1.57","1.38","1.37","1.33","1.31","1.25","0.28","0.09"],["1.2","0.99","0.99","1.2","1.2","1.2","0.96","1.0","0.9","0.96","0.9","","0.16"],["1.73","1.72","1.71","1.73","1.73","1.46","1.54","0.98","1.45","1.42","1.43","0.39","0.01"],["0.42","1.07","0.78","0.42","0.42","0.29","0.29","0.39","0.54","0.26","0.4","0.17",""],["0.23","0.23","0.23","0.23","0.23","0.23","0.23","0.23","0.02","0.23","0.02","",""],["0.54","0.66","0.59","0.54","0.54","0.54","0.45","0.43","0.51","0.36","0.4","0.14","0.02"],["","","","","","","","","","","","",""]]},"header":{"align":"center","fill":{"color":"paleturquoise"},"values":["Sample ID","Pango-Lineage","Bloom ACE2 (Wuhan)","Bloom ACE2 (BA.1)","Bloom ACE2 (BA.2)","Vibrational Difference Score","Serum Escape","mAb Escape","Class Masked mAb Escape","mAb Escape Class 1","mAb Escape Class 2","mAb Escape Class 3","mAb Escape Class 4","BEC Escape Factor","Quality Warnings"]},"type":"table"}],                        {"template":{"data":{"histogram2dcontour":[{"type":"histogram2dcontour","colorbar":{"outlinewidth":0,"ticks":""},"colorscale":[[0.0,"#0d0887"],[0.1111111111111111,"#46039f"],[0.2222222222222222,"#7201a8"],[0.3333333333333333,"#9c179e"],[0.4444444444444444,"#bd3786"],[0.5555555555555556,"#d8576b"],[0.6666666666666666,"#ed7953"],[0.7777777777777778,"#fb9f3a"],[0.8888888888888888,"#fdca26"],[1.0,"#f0f921"]]}],"choropleth":[{"type":"choropleth","colorbar":{"outlinewidth":0,"ticks":""}}],"histogram2d":[{"type":"histogram2d","colorbar":{"outlinewidth":0,"ticks":""},"colorscale":[[0.0,"#0d0887"],[0.1111111111111111,"#46039f"],[0.2222222222222222,"#7201a8"],[0.3333333333333333,"#9c179e"],[0.4444444444444444,"#bd3786"],[0.5555555555555556,"#d8576b"],[0.6666666666666666,"#ed7953"],[0.7777777777777778,"#fb9f3a"],[0.8888888888888888,"#fdca26"],[1.0,"#f0f921"]]}],"heatmap":[{"type":"heatmap","colorbar":{"outlinewidth":0,"ticks":""},"colorscale":[[0.0,"#0d0887"],[0.1111111111111111,"#46039f"],[0.2222222222222222,"#7201a8"],[0.3333333333333333,"#9c179e"],[0.4444444444444444,"#bd3786"],[0.5555555555555556,"#d8576b"],[0.6666666666666666,"#ed7953"],[0.7777777777777778,"#fb9f3a"],[0.8888888888888888,"#fdca26"],[1.0,"#f0f921"]]}],"heatmapgl":[{"type":"heatmapgl","colorbar":{"outlinewidth":0,"ticks":""},"colorscale":[[0.0,"#0d0887"],[0.1111111111111111,"#46039f"],[0.2222222222222222,"#7201a8"],[0.3333333333333333,"#9c179e"],[0.4444444444444444,"#bd3786"],[0.5555555555555556,"#d8576b"],[0.6666666666666666,"#ed7953"],[0.7777777777777778,"#fb9f3a"],[0.8888888888888888,"#fdca26"],[1.0,"#f0f921"]]}],"contourcarpet":[{"type":"contourcarpet","colorbar":{"outlinewidth":0,"ticks":""}}],"contour":[{"type":"contour","colorbar":{"outlinewidth":0,"ticks":""},"colorscale":[[0.0,"#0d0887"],[0.1111111111111111,"#46039f"],[0.2222222222222222,"#7201a8"],[0.3333333333333333,"#9c179e"],[0.4444444444444444,"#bd3786"],[0.5555555555555556,"#d8576b"],[0.6666666666666666,"#ed7953"],[0.7777777777777778,"#fb9f3a"],[0.8888888888888888,"#fdca26"],[1.0,"#f0f921"]]}],"surface":[{"type":"surface","colorbar":{"outlinewidth":0,"ticks":""},"colorscale":[[0.0,"#0d0887"],[0.1111111111111111,"#46039f"],[0.2222222222222222,"#7201a8"],[0.3333333333333333,"#9c179e"],[0.4444444444444444,"#bd3786"],[0.5555555555555556,"#d8576b"],[0.6666666666666666,"#ed7953"],[0.7777777777777778,"#fb9f3a"],[0.8888888888888888,"#fdca26"],[1.0,"#f0f921"]]}],"mesh3d":[{"type":"mesh3d","colorbar":{"outlinewidth":0,"ticks":""}}],"scatter":[{"fillpattern":{"fillmode":"overlay","size":10,"solidity":0.2},"type":"scatter"}],"parcoords":[{"type":"parcoords","line":{"colorbar":{"outlinewidth":0,"ticks":""}}}],"scatterpolargl":[{"type":"scatterpolargl","marker":{"colorbar":{"outlinewidth":0,"ticks":""}}}],"bar":[{"error_x":{"color":"#2a3f5f"},"error_y":{"color":"#2a3f5f"},"marker":{"line":{"color":"#E5ECF6","width":0.5},"pattern":{"fillmode":"overlay","size":10,"solidity":0.2}},"type":"bar"}],"scattergeo":[{"type":"scattergeo","marker":{"colorbar":{"outlinewidth":0,"ticks":""}}}],"scatterpolar":[{"type":"scatterpolar","marker":{"colorbar":{"outlinewidth":0,"ticks":""}}}],"histogram":[{"marker":{"pattern":{"fillmode":"overlay","size":10,"solidity":0.2}},"type":"histogram"}],"scattergl":[{"type":"scattergl","marker":{"colorbar":{"outlinewidth":0,"ticks":""}}}],"scatter3d":[{"type":"scatter3d","line":{"colorbar":{"outlinewidth":0,"ticks":""}},"marker":{"colorbar":{"outlinewidth":0,"ticks":""}}}],"scattermapbox":[{"type":"scattermapbox","marker":{"colorbar":{"outlinewidth":0,"ticks":""}}}],"scatterternary":[{"type":"scatterternary","marker":{"colorbar":{"outlinewidth":0,"ticks":""}}}],"scattercarpet":[{"type":"scattercarpet","marker":{"colorbar":{"outlinewidth":0,"ticks":""}}}],"carpet":[{"aaxis":{"endlinecolor":"#2a3f5f","gridcolor":"white","linecolor":"white","minorgridcolor":"white","startlinecolor":"#2a3f5f"},"baxis":{"endlinecolor":"#2a3f5f","gridcolor":"white","linecolor":"white","minorgridcolor":"white","startlinecolor":"#2a3f5f"},"type":"carpet"}],"table":[{"cells":{"fill":{"color":"#EBF0F8"},"line":{"color":"white"}},"header":{"fill":{"color":"#C8D4E3"},"line":{"color":"white"}},"type":"table"}],"barpolar":[{"marker":{"line":{"color":"#E5ECF6","width":0.5},"pattern":{"fillmode":"overlay","size":10,"solidity":0.2}},"type":"barpolar"}],"pie":[{"automargin":true,"type":"pie"}]},"layout":{"autotypenumbers":"strict","colorway":["#636efa","#EF553B","#00cc96","#ab63fa","#FFA15A","#19d3f3","#FF6692","#B6E880","#FF97FF","#FECB52"],"font":{"color":"#2a3f5f"},"hovermode":"closest","hoverlabel":{"align":"left"},"paper_bgcolor":"white","plot_bgcolor":"#E5ECF6","polar":{"bgcolor":"#E5ECF6","angularaxis":{"gridcolor":"white","linecolor":"white","ticks":""},"radialaxis":{"gridcolor":"white","linecolor":"white","ticks":""}},"ternary":{"bgcolor":"#E5ECF6","aaxis":{"gridcolor":"white","linecolor":"white","ticks":""},"baxis":{"gridcolor":"white","linecolor":"white","ticks":""},"caxis":{"gridcolor":"white","linecolor":"white","ticks":""}},"coloraxis":{"colorbar":{"outlinewidth":0,"ticks":""}},"colorscale":{"sequential":[[0.0,"#0d0887"],[0.1111111111111111,"#46039f"],[0.2222222222222222,"#7201a8"],[0.3333333333333333,"#9c179e"],[0.4444444444444444,"#bd3786"],[0.5555555555555556,"#d8576b"],[0.6666666666666666,"#ed7953"],[0.7777777777777778,"#fb9f3a"],[0.8888888888888888,"#fdca26"],[1.0,"#f0f921"]],"sequentialminus":[[0.0,"#0d0887"],[0.1111111111111111,"#46039f"],[0.2222222222222222,"#7201a8"],[0.3333333333333333,"#9c179e"],[0.4444444444444444,"#bd3786"],[0.5555555555555556,"#d8576b"],[0.6666666666666666,"#ed7953"],[0.7777777777777778,"#fb9f3a"],[0.8888888888888888,"#fdca26"],[1.0,"#f0f921"]],"diverging":[[0,"#8e0152"],[0.1,"#c51b7d"],[0.2,"#de77ae"],[0.3,"#f1b6da"],[0.4,"#fde0ef"],[0.5,"#f7f7f7"],[0.6,"#e6f5d0"],[0.7,"#b8e186"],[0.8,"#7fbc41"],[0.9,"#4d9221"],[1,"#276419"]]},"xaxis":{"gridcolor":"white","linecolor":"white","ticks":"","title":{"standoff":15},"zerolinecolor":"white","automargin":true,"zerolinewidth":2},"yaxis":{"gridcolor":"white","linecolor":"white","ticks":"","title":{"standoff":15},"zerolinecolor":"white","automargin":true,"zerolinewidth":2},"scene":{"xaxis":{"backgroundcolor":"#E5ECF6","gridcolor":"white","linecolor":"white","showbackground":true,"ticks":"","zerolinecolor":"white","gridwidth":2},"yaxis":{"backgroundcolor":"#E5ECF6","gridcolor":"white","linecolor":"white","showbackground":true,"ticks":"","zerolinecolor":"white","gridwidth":2},"zaxis":{"backgroundcolor":"#E5ECF6","gridcolor":"white","linecolor":"white","showbackground":true,"ticks":"","zerolinecolor":"white","gridwidth":2}},"shapedefaults":{"line":{"color":"#2a3f5f"}},"annotationdefaults":{"arrowcolor":"#2a3f5f","arrowhead":0,"arrowwidth":1},"geo":{"bgcolor":"white","landcolor":"#E5ECF6","subunitcolor":"white","showland":true,"showlakes":true,"lakecolor":"white"},"title":{"x":0.05},"mapbox":{"style":"light"}}},"updatemenus":[{"active":8,"bgcolor":"white","buttons":[{"args":[{"cells":{"values":[["BA.5","Alpha","BA.1","BA.1.1","BA.2","BA.2.12.1","BA.2.75","BA.4","BA.5","BA.5.3.1","BQ.1","BQ.1.1","Delta"],["","","","","","","","","","","","",""],["-0.51","1.07","-0.61","-0.59","-0.51","-0.49","-0.5","-0.51","-0.51","-0.51","-0.45","-0.43","-0.02"],["-0.13","0.0","0.0","0.01","-0.08","-0.08","-0.07","-0.13","-0.13","-0.13","-0.07","-0.06","-0.04"],["-0.05","0.0","-0.02","-0.02","0.0","-0.01","0.0","-0.05","-0.05","-0.05","-0.05","-0.04","-0.02"],["0.67","0.42","0.67","0.66","0.46","0.35","0.49","0.67","0.67","0.51","0.44","0.44","0.17"],["0.79","0.01","0.77","0.79","0.66","0.73","0.65","0.79","0.79","0.74","0.77","0.79","0.13"],["1.2","0.05","0.94","0.98","0.98","1.04","0.86","1.2","1.2","1.06","1.2","1.28","0.2"],["1.77","0.09","1.25","1.33","1.31","1.38","1.37","1.77","1.77","1.57","1.92","2.08","0.28"],["1.2","0.16","0.9","0.9","0.96","0.96","1.0","1.2","1.2","1.2","0.99","0.99",""],["1.73","0.01","1.43","1.45","1.42","1.54","0.98","1.73","1.73","1.46","1.71","1.72","0.39"],["0.42","","0.4","0.54","0.26","0.29","0.39","0.42","0.42","0.29","0.78","1.07","0.17"],["0.23","","0.02","0.02","0.23","0.23","0.23","0.23","0.23","0.23","0.23","0.23",""],["0.54","0.02","0.4","0.51","0.36","0.45","0.43","0.54","0.54","0.54","0.59","0.66","0.14"],["","","","","","","","","","","","",""]],"fill":{"color":[["lavender","lavender","lavender","lavender","lavender","lavender","lavender","lavender","lavender","lavender","lavender","lavender","lavender"],["lavender","lavender","lavender","lavender","lavender","lavender","lavender","lavender","lavender","lavender","lavender","lavender","lavender"],["lavender","rgb(250,180,174)","rgb(179,205,227)","rgb(179,205,227)","rgb(250,180,174)","rgb(250,180,174)","rgb(250,180,174)","rgb(179,205,227)","rgb(179,205,227)","rgb(250,180,174)","rgb(250,180,174)","rgb(250,180,174)","rgb(250,180,174)"],["lavender","rgb(250,180,174)","rgb(250,180,174)","rgb(250,180,174)","rgb(250,180,174)","rgb(250,180,174)","rgb(250,180,174)","rgb(179,205,227)","rgb(179,205,227)","rgb(250,180,174)","rgb(250,180,174)","rgb(250,180,174)","rgb(250,180,174)"],["lavender","rgb(250,180,174)","rgb(250,180,174)","rgb(250,180,174)","rgb(250,180,174)","rgb(250,180,174)","rgb(250,180,174)","rgb(179,205,227)","rgb(179,205,227)","rgb(179,205,227)","rgb(250,180,174)","rgb(250,180,174)","rgb(250,180,174)"],["lavender","rgb(179,205,227)","rgb(179,205,227)","rgb(179,205,227)","rgb(179,205,227)","rgb(179,205,227)","rgb(179,205,227)","rgb(179,205,227)","rgb(179,205,227)","rgb(179,205,227)","rgb(179,205,227)","rgb(179,205,227)","rgb(179,205,227)"],["lavender","rgb(179,205,227)","rgb(179,205,227)","rgb(250,180,174)","rgb(179,205,227)","rgb(179,205,227)","rgb(179,205,227)","rgb(179,205,227)","rgb(179,205,227)","rgb(179,205,227)","rgb(179,205,227)","rgb(250,180,174)","rgb(179,205,227)"],["lavender","rgb(179,205,227)","rgb(179,205,227)","rgb(179,205,227)","rgb(179,205,227)","rgb(179,205,227)","rgb(179,205,227)","rgb(179,205,227)","rgb(179,205,227)","rgb(179,205,227)","rgb(179,205,227)","rgb(250,180,174)","rgb(179,205,227)"],["lavender","rgb(179,205,227)","rgb(179,205,227)","rgb(179,205,227)","rgb(179,205,227)","rgb(179,205,227)","rgb(179,205,227)","rgb(179,205,227)","rgb(179,205,227)","rgb(179,205,227)","rgb(250,180,174)","rgb(250,180,174)","rgb(179,205,227)"],["lavender","rgb(179,205,227)","rgb(179,205,227)","rgb(179,205,227)","rgb(179,205,227)","rgb(179,205,227)","rgb(179,205,227)","rgb(179,205,227)","rgb(179,205,227)","rgb(179,205,227)","rgb(179,205,227)","rgb(179,205,227)","rgb(179,205,227)"],["lavender","rgb(179,205,227)","rgb(179,205,227)","rgb(179,205,227)","rgb(179,205,227)","rgb(179,205,227)","rgb(179,205,227)","rgb(179,205,227)","rgb(179,205,227)","rgb(179,205,227)","rgb(179,205,227)","rgb(179,205,227)","rgb(179,205,227)"],["lavender","rgb(179,205,227)","rgb(179,205,227)","rgb(250,180,174)","rgb(179,205,227)","rgb(179,205,227)","rgb(179,205,227)","rgb(179,205,227)","rgb(179,205,227)","rgb(179,205,227)","rgb(250,180,174)","rgb(250,180,174)","rgb(179,205,227)"],["lavender","rgb(179,205,227)","rgb(179,205,227)","rgb(179,205,227)","rgb(179,205,227)","rgb(179,205,227)","rgb(179,205,227)","rgb(179,205,227)","rgb(179,205,227)","rgb(179,205,227)","rgb(179,205,227)","rgb(179,205,227)","rgb(179,205,227)"],["lavender","rgb(179,205,227)","rgb(179,205,227)","rgb(179,205,227)","rgb(179,205,227)","rgb(179,205,227)","rgb(179,205,227)","rgb(179,205,227)","rgb(179,205,227)","rgb(179,205,227)","rgb(250,180,174)","rgb(250,180,174)","rgb(179,205,227)"],["lavender","rgb(179,205,227)","rgb(179,205,227)","rgb(179,205,227)","rgb(179,205,227)","rgb(179,205,227)","rgb(179,205,227)","rgb(179,205,227)","rgb(179,205,227)","rgb(179,205,227)","rgb(179,205,227)","rgb(179,205,227)","rgb(179,205,227)"]]}}}],"label":"Sample ID","method":"restyle"},{"args":[{"cells":{"values":[["BA.5","BQ.1.1","BQ.1","BA.4","BA.5","BA.5.3.1","BA.2.12.1","BA.2.75","BA.1.1","BA.2","BA.1","Delta","Alpha"],["","","","","","","","","","","","",""],["-0.51","-0.43","-0.45","-0.51","-0.51","-0.51","-0.49","-0.5","-0.59","-0.51","-0.61","-0.02","1.07"],["-0.13","-0.06","-0.07","-0.13","-0.13","-0.13","-0.08","-0.07","0.01","-0.08","0.0","-0.04","0.0"],["-0.05","-0.04","-0.05","-0.05","-0.05","-0.05","-0.01","0.0","-0.02","0.0","-0.02","-0.02","0.0"],["0.67","0.44","0.44","0.67","0.67","0.51","0.35","0.49","0.66","0.46","0.67","0.17","0.42"],["0.79","0.79","0.77","0.79","0.79","0.74","0.73","0.65","0.79","0.66","0.77","0.13","0.01"],["1.2","1.28","1.2","1.2","1.2","1.06","1.04","0.86","0.98","0.98","0.94","0.2","0.05"],["1.77","2.08","1.92","1.77","1.77","1.57","1.38","1.37","1.33","1.31","1.25","0.28","0.09"],["1.2","0.99","0.99","1.2","1.2","1.2","0.96","1.0","0.9","0.96","0.9","","0.16"],["1.73","1.72","1.71","1.73","1.73","1.46","1.54","0.98","1.45","1.42","1.43","0.39","0.01"],["0.42","1.07","0.78","0.42","0.42","0.29","0.29","0.39","0.54","0.26","0.4","0.17",""],["0.23","0.23","0.23","0.23","0.23","0.23","0.23","0.23","0.02","0.23","0.02","",""],["0.54","0.66","0.59","0.54","0.54","0.54","0.45","0.43","0.51","0.36","0.4","0.14","0.02"],["","","","","","","","","","","","",""]],"fill":{"color":[["lavender","lavender","lavender","lavender","lavender","lavender","lavender","lavender","lavender","lavender","lavender","lavender","lavender"],["lavender","lavender","lavender","lavender","lavender","lavender","lavender","lavender","lavender","lavender","lavender","lavender","lavender"],["lavender","rgb(250,180,174)","rgb(250,180,174)","rgb(179,205,227)","rgb(179,205,227)","rgb(250,180,174)","rgb(250,180,174)","rgb(250,180,174)","rgb(179,205,227)","rgb(250,180,174)","rgb(179,205,227)","rgb(250,180,174)","rgb(250,180,174)"],["lavender","rgb(250,180,174)","rgb(250,180,174)","rgb(179,205,227)","rgb(179,205,227)","rgb(250,180,174)","rgb(250,180,174)","rgb(250,180,174)","rgb(250,180,174)","rgb(250,180,174)","rgb(250,180,174)","rgb(250,180,174)","rgb(250,180,174)"],["lavender","rgb(250,180,174)","rgb(250,180,174)","rgb(179,205,227)","rgb(179,205,227)","rgb(179,205,227)","rgb(250,180,174)","rgb(250,180,174)","rgb(250,180,174)","rgb(250,180,174)","rgb(250,180,174)","rgb(250,180,174)","rgb(250,180,174)"],["lavender","rgb(179,205,227)","rgb(179,205,227)","rgb(179,205,227)","rgb(179,205,227)","rgb(179,205,227)","rgb(179,205,227)","rgb(179,205,227)","rgb(179,205,227)","rgb(179,205,227)","rgb(179,205,227)","rgb(179,205,227)","rgb(179,205,227)"],["lavender","rgb(250,180,174)","rgb(179,205,227)","rgb(179,205,227)","rgb(179,205,227)","rgb(179,205,227)","rgb(179,205,227)","rgb(179,205,227)","rgb(250,180,174)","rgb(179,205,227)","rgb(179,205,227)","rgb(179,205,227)","rgb(179,205,227)"],["lavender","rgb(250,180,174)","rgb(179,205,227)","rgb(179,205,227)","rgb(179,205,227)","rgb(179,205,227)","rgb(179,205,227)","rgb(179,205,227)","rgb(179,205,227)","rgb(179,205,227)","rgb(179,205,227)","rgb(179,205,227)","rgb(179,205,227)"],["lavender","rgb(250,180,174)","rgb(250,180,174)","rgb(179,205,227)","rgb(179,205,227)","rgb(179,205,227)","rgb(179,205,227)","rgb(179,205,227)","rgb(179,205,227)","rgb(179,205,227)","rgb(179,205,227)","rgb(179,205,227)","rgb(179,205,227)"],["lavender","rgb(179,205,227)","rgb(179,205,227)","rgb(179,205,227)","rgb(179,205,227)","rgb(179,205,227)","rgb(179,205,227)","rgb(179,205,227)","rgb(179,205,227)","rgb(179,205,227)","rgb(179,205,227)","rgb(179,205,227)","rgb(179,205,227)"],["lavender","rgb(179,205,227)","rgb(179,205,227)","rgb(179,205,227)","rgb(179,205,227)","rgb(179,205,227)","rgb(179,205,227)","rgb(179,205,227)","rgb(179,205,227)","rgb(179,205,227)","rgb(179,205,227)","rgb(179,205,227)","rgb(179,205,227)"],["lavender","rgb(250,180,174)","rgb(250,180,174)","rgb(179,205,227)","rgb(179,205,227)","rgb(179,205,227)","rgb(179,205,227)","rgb(179,205,227)","rgb(250,180,174)","rgb(179,205,227)","rgb(179,205,227)","rgb(179,205,227)","rgb(179,205,227)"],["lavender","rgb(179,205,227)","rgb(179,205,227)","rgb(179,205,227)","rgb(179,205,227)","rgb(179,205,227)","rgb(179,205,227)","rgb(179,205,227)","rgb(179,205,227)","rgb(179,205,227)","rgb(179,205,227)","rgb(179,205,227)","rgb(179,205,227)"],["lavender","rgb(250,180,174)","rgb(250,180,174)","rgb(179,205,227)","rgb(179,205,227)","rgb(179,205,227)","rgb(179,205,227)","rgb(179,205,227)","rgb(179,205,227)","rgb(179,205,227)","rgb(179,205,227)","rgb(179,205,227)","rgb(179,205,227)"],["lavender","rgb(179,205,227)","rgb(179,205,227)","rgb(179,205,227)","rgb(179,205,227)","rgb(179,205,227)","rgb(179,205,227)","rgb(179,205,227)","rgb(179,205,227)","rgb(179,205,227)","rgb(179,205,227)","rgb(179,205,227)","rgb(179,205,227)"]]}}}],"label":"Pango-Lineage","method":"restyle"},{"args":[{"cells":{"values":[["BA.5","Alpha","BA.1","BA.1.1","BA.4","BA.5","BA.5.3.1","BA.2","BA.2.75","BA.2.12.1","BQ.1","BQ.1.1","Delta"],["","","","","","","","","","","","",""],["-0.51","1.07","-0.61","-0.59","-0.51","-0.51","-0.51","-0.51","-0.5","-0.49","-0.45","-0.43","-0.02"],["-0.13","0.0","0.0","0.01","-0.13","-0.13","-0.13","-0.08","-0.07","-0.08","-0.07","-0.06","-0.04"],["-0.05","0.0","-0.02","-0.02","-0.05","-0.05","-0.05","0.0","0.0","-0.01","-0.05","-0.04","-0.02"],["0.67","0.42","0.67","0.66","0.67","0.67","0.51","0.46","0.49","0.35","0.44","0.44","0.17"],["0.79","0.01","0.77","0.79","0.79","0.79","0.74","0.66","0.65","0.73","0.77","0.79","0.13"],["1.2","0.05","0.94","0.98","1.2","1.2","1.06","0.98","0.86","1.04","1.2","1.28","0.2"],["1.77","0.09","1.25","1.33","1.77","1.77","1.57","1.31","1.37","1.38","1.92","2.08","0.28"],["1.2","0.16","0.9","0.9","1.2","1.2","1.2","0.96","1.0","0.96","0.99","0.99",""],["1.73","0.01","1.43","1.45","1.73","1.73","1.46","1.42","0.98","1.54","1.71","1.72","0.39"],["0.42","","0.4","0.54","0.42","0.42","0.29","0.26","0.39","0.29","0.78","1.07","0.17"],["0.23","","0.02","0.02","0.23","0.23","0.23","0.23","0.23","0.23","0.23","0.23",""],["0.54","0.02","0.4","0.51","0.54","0.54","0.54","0.36","0.43","0.45","0.59","0.66","0.14"],["","","","","","","","","","","","",""]],"fill":{"color":[["lavender","lavender","lavender","lavender","lavender","lavender","lavender","lavender","lavender","lavender","lavender","lavender","lavender"],["lavender","lavender","lavender","lavender","lavender","lavender","lavender","lavender","lavender","lavender","lavender","lavender","lavender"],["lavender","rgb(250,180,174)","rgb(179,205,227)","rgb(179,205,227)","rgb(179,205,227)","rgb(179,205,227)","rgb(250,180,174)","rgb(250,180,174)","rgb(250,180,174)","rgb(250,180,174)","rgb(250,180,174)","rgb(250,180,174)","rgb(250,180,174)"],["lavender","rgb(250,180,174)","rgb(250,180,174)","rgb(250,180,174)","rgb(179,205,227)","rgb(179,205,227)","rgb(250,180,174)","rgb(250,180,174)","rgb(250,180,174)","rgb(250,180,174)","rgb(250,180,174)","rgb(250,180,174)","rgb(250,180,174)"],["lavender","rgb(250,180,174)","rgb(250,180,174)","rgb(250,180,174)","rgb(179,205,227)","rgb(179,205,227)","rgb(179,205,227)","rgb(250,180,174)","rgb(250,180,174)","rgb(250,180,174)","rgb(250,180,174)","rgb(250,180,174)","rgb(250,180,174)"],["lavender","rgb(179,205,227)","rgb(179,205,227)","rgb(179,205,227)","rgb(179,205,227)","rgb(179,205,227)","rgb(179,205,227)","rgb(179,205,227)","rgb(179,205,227)","rgb(179,205,227)","rgb(179,205,227)","rgb(179,205,227)","rgb(179,205,227)"],["lavender","rgb(179,205,227)","rgb(179,205,227)","rgb(250,180,174)","rgb(179,205,227)","rgb(179,205,227)","rgb(179,205,227)","rgb(179,205,227)","rgb(179,205,227)","rgb(179,205,227)","rgb(179,205,227)","rgb(250,180,174)","rgb(179,205,227)"],["lavender","rgb(179,205,227)","rgb(179,205,227)","rgb(179,205,227)","rgb(179,205,227)","rgb(179,205,227)","rgb(179,205,227)","rgb(179,205,227)","rgb(179,205,227)","rgb(179,205,227)","rgb(179,205,227)","rgb(250,180,174)","rgb(179,205,227)"],["lavender","rgb(179,205,227)","rgb(179,205,227)","rgb(179,205,227)","rgb(179,205,227)","rgb(179,205,227)","rgb(179,205,227)","rgb(179,205,227)","rgb(179,205,227)","rgb(179,205,227)","rgb(250,180,174)","rgb(250,180,174)","rgb(179,205,227)"],["lavender","rgb(179,205,227)","rgb(179,205,227)","rgb(179,205,227)","rgb(179,205,227)","rgb(179,205,227)","rgb(179,205,227)","rgb(179,205,227)","rgb(179,205,227)","rgb(179,205,227)","rgb(179,205,227)","rgb(179,205,227)","rgb(179,205,227)"],["lavender","rgb(179,205,227)","rgb(179,205,227)","rgb(179,205,227)","rgb(179,205,227)","rgb(179,205,227)","rgb(179,205,227)","rgb(179,205,227)","rgb(179,205,227)","rgb(179,205,227)","rgb(179,205,227)","rgb(179,205,227)","rgb(179,205,227)"],["lavender","rgb(179,205,227)","rgb(179,205,227)","rgb(250,180,174)","rgb(179,205,227)","rgb(179,205,227)","rgb(179,205,227)","rgb(179,205,227)","rgb(179,205,227)","rgb(179,205,227)","rgb(250,180,174)","rgb(250,180,174)","rgb(179,205,227)"],["lavender","rgb(179,205,227)","rgb(179,205,227)","rgb(179,205,227)","rgb(179,205,227)","rgb(179,205,227)","rgb(179,205,227)","rgb(179,205,227)","rgb(179,205,227)","rgb(179,205,227)","rgb(179,205,227)","rgb(179,205,227)","rgb(179,205,227)"],["lavender","rgb(179,205,227)","rgb(179,205,227)","rgb(179,205,227)","rgb(179,205,227)","rgb(179,205,227)","rgb(179,205,227)","rgb(179,205,227)","rgb(179,205,227)","rgb(179,205,227)","rgb(250,180,174)","rgb(250,180,174)","rgb(179,205,227)"],["lavender","rgb(179,205,227)","rgb(179,205,227)","rgb(179,205,227)","rgb(179,205,227)","rgb(179,205,227)","rgb(179,205,227)","rgb(179,205,227)","rgb(179,205,227)","rgb(179,205,227)","rgb(179,205,227)","rgb(179,205,227)","rgb(179,205,227)"]]}}}],"label":"Bloom ACE2 (Wuhan)","method":"restyle"},{"args":[{"cells":{"values":[["BA.5","BA.1.1","BA.1","Alpha","BA.4","BA.5","BA.5.3.1","BA.2.12.1","BA.2","BQ.1","BA.2.75","BQ.1.1","Delta"],["","","","","","","","","","","","",""],["-0.51","-0.59","-0.61","1.07","-0.51","-0.51","-0.51","-0.49","-0.51","-0.45","-0.5","-0.43","-0.02"],["-0.13","0.01","0.0","0.0","-0.13","-0.13","-0.13","-0.08","-0.08","-0.07","-0.07","-0.06","-0.04"],["-0.05","-0.02","-0.02","0.0","-0.05","-0.05","-0.05","-0.01","0.0","-0.05","0.0","-0.04","-0.02"],["0.67","0.66","0.67","0.42","0.67","0.67","0.51","0.35","0.46","0.44","0.49","0.44","0.17"],["0.79","0.79","0.77","0.01","0.79","0.79","0.74","0.73","0.66","0.77","0.65","0.79","0.13"],["1.2","0.98","0.94","0.05","1.2","1.2","1.06","1.04","0.98","1.2","0.86","1.28","0.2"],["1.77","1.33","1.25","0.09","1.77","1.77","1.57","1.38","1.31","1.92","1.37","2.08","0.28"],["1.2","0.9","0.9","0.16","1.2","1.2","1.2","0.96","0.96","0.99","1.0","0.99",""],["1.73","1.45","1.43","0.01","1.73","1.73","1.46","1.54","1.42","1.71","0.98","1.72","0.39"],["0.42","0.54","0.4","","0.42","0.42","0.29","0.29","0.26","0.78","0.39","1.07","0.17"],["0.23","0.02","0.02","","0.23","0.23","0.23","0.23","0.23","0.23","0.23","0.23",""],["0.54","0.51","0.4","0.02","0.54","0.54","0.54","0.45","0.36","0.59","0.43","0.66","0.14"],["","","","","","","","","","","","",""]],"fill":{"color":[["lavender","lavender","lavender","lavender","lavender","lavender","lavender","lavender","lavender","lavender","lavender","lavender","lavender"],["lavender","lavender","lavender","lavender","lavender","lavender","lavender","lavender","lavender","lavender","lavender","lavender","lavender"],["lavender","rgb(179,205,227)","rgb(179,205,227)","rgb(250,180,174)","rgb(179,205,227)","rgb(179,205,227)","rgb(250,180,174)","rgb(250,180,174)","rgb(250,180,174)","rgb(250,180,174)","rgb(250,180,174)","rgb(250,180,174)","rgb(250,180,174)"],["lavender","rgb(250,180,174)","rgb(250,180,174)","rgb(250,180,174)","rgb(179,205,227)","rgb(179,205,227)","rgb(250,180,174)","rgb(250,180,174)","rgb(250,180,174)","rgb(250,180,174)","rgb(250,180,174)","rgb(250,180,174)","rgb(250,180,174)"],["lavender","rgb(250,180,174)","rgb(250,180,174)","rgb(250,180,174)","rgb(179,205,227)","rgb(179,205,227)","rgb(179,205,227)","rgb(250,180,174)","rgb(250,180,174)","rgb(250,180,174)","rgb(250,180,174)","rgb(250,180,174)","rgb(250,180,174)"],["lavender","rgb(179,205,227)","rgb(179,205,227)","rgb(179,205,227)","rgb(179,205,227)","rgb(179,205,227)","rgb(179,205,227)","rgb(179,205,227)","rgb(179,205,227)","rgb(179,205,227)","rgb(179,205,227)","rgb(179,205,227)","rgb(179,205,227)"],["lavender","rgb(250,180,174)","rgb(179,205,227)","rgb(179,205,227)","rgb(179,205,227)","rgb(179,205,227)","rgb(179,205,227)","rgb(179,205,227)","rgb(179,205,227)","rgb(179,205,227)","rgb(179,205,227)","rgb(250,180,174)","rgb(179,205,227)"],["lavender","rgb(179,205,227)","rgb(179,205,227)","rgb(179,205,227)","rgb(179,205,227)","rgb(179,205,227)","rgb(179,205,227)","rgb(179,205,227)","rgb(179,205,227)","rgb(179,205,227)","rgb(179,205,227)","rgb(250,180,174)","rgb(179,205,227)"],["lavender","rgb(179,205,227)","rgb(179,205,227)","rgb(179,205,227)","rgb(179,205,227)","rgb(179,205,227)","rgb(179,205,227)","rgb(179,205,227)","rgb(179,205,227)","rgb(250,180,174)","rgb(179,205,227)","rgb(250,180,174)","rgb(179,205,227)"],["lavender","rgb(179,205,227)","rgb(179,205,227)","rgb(179,205,227)","rgb(179,205,227)","rgb(179,205,227)","rgb(179,205,227)","rgb(179,205,227)","rgb(179,205,227)","rgb(179,205,227)","rgb(179,205,227)","rgb(179,205,227)","rgb(179,205,227)"],["lavender","rgb(179,205,227)","rgb(179,205,227)","rgb(179,205,227)","rgb(179,205,227)","rgb(179,205,227)","rgb(179,205,227)","rgb(179,205,227)","rgb(179,205,227)","rgb(179,205,227)","rgb(179,205,227)","rgb(179,205,227)","rgb(179,205,227)"],["lavender","rgb(250,180,174)","rgb(179,205,227)","rgb(179,205,227)","rgb(179,205,227)","rgb(179,205,227)","rgb(179,205,227)","rgb(179,205,227)","rgb(179,205,227)","rgb(250,180,174)","rgb(179,205,227)","rgb(250,180,174)","rgb(179,205,227)"],["lavender","rgb(179,205,227)","rgb(179,205,227)","rgb(179,205,227)","rgb(179,205,227)","rgb(179,205,227)","rgb(179,205,227)","rgb(179,205,227)","rgb(179,205,227)","rgb(179,205,227)","rgb(179,205,227)","rgb(179,205,227)","rgb(179,205,227)"],["lavender","rgb(179,205,227)","rgb(179,205,227)","rgb(179,205,227)","rgb(179,205,227)","rgb(179,205,227)","rgb(179,205,227)","rgb(179,205,227)","rgb(179,205,227)","rgb(250,180,174)","rgb(179,205,227)","rgb(250,180,174)","rgb(179,205,227)"],["lavender","rgb(179,205,227)","rgb(179,205,227)","rgb(179,205,227)","rgb(179,205,227)","rgb(179,205,227)","rgb(179,205,227)","rgb(179,205,227)","rgb(179,205,227)","rgb(179,205,227)","rgb(179,205,227)","rgb(179,205,227)","rgb(179,205,227)"]]}}}],"label":"Bloom ACE2 (BA.1)","method":"restyle"},{"args":[{"cells":{"values":[["BA.5","BA.2.75","BA.2","Alpha","BQ.1","BA.4","BA.5","BA.5.3.1","BQ.1.1","BA.1.1","BA.1","Delta","BA.2.12.1"],["","","","","","","","","","","","",""],["-0.51","-0.5","-0.51","1.07","-0.45","-0.51","-0.51","-0.51","-0.43","-0.59","-0.61","-0.02","-0.49"],["-0.13","-0.07","-0.08","0.0","-0.07","-0.13","-0.13","-0.13","-0.06","0.01","0.0","-0.04","-0.08"],["-0.05","0.0","0.0","0.0","-0.05","-0.05","-0.05","-0.05","-0.04","-0.02","-0.02","-0.02","-0.01"],["0.67","0.49","0.46","0.42","0.44","0.67","0.67","0.51","0.44","0.66","0.67","0.17","0.35"],["0.79","0.65","0.66","0.01","0.77","0.79","0.79","0.74","0.79","0.79","0.77","0.13","0.73"],["1.2","0.86","0.98","0.05","1.2","1.2","1.2","1.06","1.28","0.98","0.94","0.2","1.04"],["1.77","1.37","1.31","0.09","1.92","1.77","1.77","1.57","2.08","1.33","1.25","0.28","1.38"],["1.2","1.0","0.96","0.16","0.99","1.2","1.2","1.2","0.99","0.9","0.9","","0.96"],["1.73","0.98","1.42","0.01","1.71","1.73","1.73","1.46","1.72","1.45","1.43","0.39","1.54"],["0.42","0.39","0.26","","0.78","0.42","0.42","0.29","1.07","0.54","0.4","0.17","0.29"],["0.23","0.23","0.23","","0.23","0.23","0.23","0.23","0.23","0.02","0.02","","0.23"],["0.54","0.43","0.36","0.02","0.59","0.54","0.54","0.54","0.66","0.51","0.4","0.14","0.45"],["","","","","","","","","","","","",""]],"fill":{"color":[["lavender","lavender","lavender","lavender","lavender","lavender","lavender","lavender","lavender","lavender","lavender","lavender","lavender"],["lavender","lavender","lavender","lavender","lavender","lavender","lavender","lavender","lavender","lavender","lavender","lavender","lavender"],["lavender","rgb(250,180,174)","rgb(250,180,174)","rgb(250,180,174)","rgb(250,180,174)","rgb(179,205,227)","rgb(179,205,227)","rgb(250,180,174)","rgb(250,180,174)","rgb(179,205,227)","rgb(179,205,227)","rgb(250,180,174)","rgb(250,180,174)"],["lavender","rgb(250,180,174)","rgb(250,180,174)","rgb(250,180,174)","rgb(250,180,174)","rgb(179,205,227)","rgb(179,205,227)","rgb(250,180,174)","rgb(250,180,174)","rgb(250,180,174)","rgb(250,180,174)","rgb(250,180,174)","rgb(250,180,174)"],["lavender","rgb(250,180,174)","rgb(250,180,174)","rgb(250,180,174)","rgb(250,180,174)","rgb(179,205,227)","rgb(179,205,227)","rgb(179,205,227)","rgb(250,180,174)","rgb(250,180,174)","rgb(250,180,174)","rgb(250,180,174)","rgb(250,180,174)"],["lavender","rgb(179,205,227)","rgb(179,205,227)","rgb(179,205,227)","rgb(179,205,227)","rgb(179,205,227)","rgb(179,205,227)","rgb(179,205,227)","rgb(179,205,227)","rgb(179,205,227)","rgb(179,205,227)","rgb(179,205,227)","rgb(179,205,227)"],["lavender","rgb(179,205,227)","rgb(179,205,227)","rgb(179,205,227)","rgb(179,205,227)","rgb(179,205,227)","rgb(179,205,227)","rgb(179,205,227)","rgb(250,180,174)","rgb(250,180,174)","rgb(179,205,227)","rgb(179,205,227)","rgb(179,205,227)"],["lavender","rgb(179,205,227)","rgb(179,205,227)","rgb(179,205,227)","rgb(179,205,227)","rgb(179,205,227)","rgb(179,205,227)","rgb(179,205,227)","rgb(250,180,174)","rgb(179,205,227)","rgb(179,205,227)","rgb(179,205,227)","rgb(179,205,227)"],["lavender","rgb(179,205,227)","rgb(179,205,227)","rgb(179,205,227)","rgb(250,180,174)","rgb(179,205,227)","rgb(179,205,227)","rgb(179,205,227)","rgb(250,180,174)","rgb(179,205,227)","rgb(179,205,227)","rgb(179,205,227)","rgb(179,205,227)"],["lavender","rgb(179,205,227)","rgb(179,205,227)","rgb(179,205,227)","rgb(179,205,227)","rgb(179,205,227)","rgb(179,205,227)","rgb(179,205,227)","rgb(179,205,227)","rgb(179,205,227)","rgb(179,205,227)","rgb(179,205,227)","rgb(179,205,227)"],["lavender","rgb(179,205,227)","rgb(179,205,227)","rgb(179,205,227)","rgb(179,205,227)","rgb(179,205,227)","rgb(179,205,227)","rgb(179,205,227)","rgb(179,205,227)","rgb(179,205,227)","rgb(179,205,227)","rgb(179,205,227)","rgb(179,205,227)"],["lavender","rgb(179,205,227)","rgb(179,205,227)","rgb(179,205,227)","rgb(250,180,174)","rgb(179,205,227)","rgb(179,205,227)","rgb(179,205,227)","rgb(250,180,174)","rgb(250,180,174)","rgb(179,205,227)","rgb(179,205,227)","rgb(179,205,227)"],["lavender","rgb(179,205,227)","rgb(179,205,227)","rgb(179,205,227)","rgb(179,205,227)","rgb(179,205,227)","rgb(179,205,227)","rgb(179,205,227)","rgb(179,205,227)","rgb(179,205,227)","rgb(179,205,227)","rgb(179,205,227)","rgb(179,205,227)"],["lavender","rgb(179,205,227)","rgb(179,205,227)","rgb(179,205,227)","rgb(250,180,174)","rgb(179,205,227)","rgb(179,205,227)","rgb(179,205,227)","rgb(250,180,174)","rgb(179,205,227)","rgb(179,205,227)","rgb(179,205,227)","rgb(179,205,227)"],["lavender","rgb(179,205,227)","rgb(179,205,227)","rgb(179,205,227)","rgb(179,205,227)","rgb(179,205,227)","rgb(179,205,227)","rgb(179,205,227)","rgb(179,205,227)","rgb(179,205,227)","rgb(179,205,227)","rgb(179,205,227)","rgb(179,205,227)"]]}}}],"label":"Bloom ACE2 (BA.2)","method":"restyle"},{"args":[{"cells":{"values":[["BA.5","BA.4","BA.5","BA.1","BA.1.1","BA.5.3.1","BA.2.75","BA.2","BQ.1.1","BQ.1","Alpha","BA.2.12.1","Delta"],["","","","","","","","","","","","",""],["-0.51","-0.51","-0.51","-0.61","-0.59","-0.51","-0.5","-0.51","-0.43","-0.45","1.07","-0.49","-0.02"],["-0.13","-0.13","-0.13","0.0","0.01","-0.13","-0.07","-0.08","-0.06","-0.07","0.0","-0.08","-0.04"],["-0.05","-0.05","-0.05","-0.02","-0.02","-0.05","0.0","0.0","-0.04","-0.05","0.0","-0.01","-0.02"],["0.67","0.67","0.67","0.67","0.66","0.51","0.49","0.46","0.44","0.44","0.42","0.35","0.17"],["0.79","0.79","0.79","0.77","0.79","0.74","0.65","0.66","0.79","0.77","0.01","0.73","0.13"],["1.2","1.2","1.2","0.94","0.98","1.06","0.86","0.98","1.28","1.2","0.05","1.04","0.2"],["1.77","1.77","1.77","1.25","1.33","1.57","1.37","1.31","2.08","1.92","0.09","1.38","0.28"],["1.2","1.2","1.2","0.9","0.9","1.2","1.0","0.96","0.99","0.99","0.16","0.96",""],["1.73","1.73","1.73","1.43","1.45","1.46","0.98","1.42","1.72","1.71","0.01","1.54","0.39"],["0.42","0.42","0.42","0.4","0.54","0.29","0.39","0.26","1.07","0.78","","0.29","0.17"],["0.23","0.23","0.23","0.02","0.02","0.23","0.23","0.23","0.23","0.23","","0.23",""],["0.54","0.54","0.54","0.4","0.51","0.54","0.43","0.36","0.66","0.59","0.02","0.45","0.14"],["","","","","","","","","","","","",""]],"fill":{"color":[["lavender","lavender","lavender","lavender","lavender","lavender","lavender","lavender","lavender","lavender","lavender","lavender","lavender"],["lavender","lavender","lavender","lavender","lavender","lavender","lavender","lavender","lavender","lavender","lavender","lavender","lavender"],["lavender","rgb(179,205,227)","rgb(179,205,227)","rgb(179,205,227)","rgb(179,205,227)","rgb(250,180,174)","rgb(250,180,174)","rgb(250,180,174)","rgb(250,180,174)","rgb(250,180,174)","rgb(250,180,174)","rgb(250,180,174)","rgb(250,180,174)"],["lavender","rgb(179,205,227)","rgb(179,205,227)","rgb(250,180,174)","rgb(250,180,174)","rgb(250,180,174)","rgb(250,180,174)","rgb(250,180,174)","rgb(250,180,174)","rgb(250,180,174)","rgb(250,180,174)","rgb(250,180,174)","rgb(250,180,174)"],["lavender","rgb(179,205,227)","rgb(179,205,227)","rgb(250,180,174)","rgb(250,180,174)","rgb(179,205,227)","rgb(250,180,174)","rgb(250,180,174)","rgb(250,180,174)","rgb(250,180,174)","rgb(250,180,174)","rgb(250,180,174)","rgb(250,180,174)"],["lavender","rgb(179,205,227)","rgb(179,205,227)","rgb(179,205,227)","rgb(179,205,227)","rgb(179,205,227)","rgb(179,205,227)","rgb(179,205,227)","rgb(179,205,227)","rgb(179,205,227)","rgb(179,205,227)","rgb(179,205,227)","rgb(179,205,227)"],["lavender","rgb(179,205,227)","rgb(179,205,227)","rgb(179,205,227)","rgb(250,180,174)","rgb(179,205,227)","rgb(179,205,227)","rgb(179,205,227)","rgb(250,180,174)","rgb(179,205,227)","rgb(179,205,227)","rgb(179,205,227)","rgb(179,205,227)"],["lavender","rgb(179,205,227)","rgb(179,205,227)","rgb(179,205,227)","rgb(179,205,227)","rgb(179,205,227)","rgb(179,205,227)","rgb(179,20